UniqueCount	AmbigCount
3	2
19	1
0	96
23	0
70	3
0	86
0	42
0	90
9	90
0	89
5	53
0	78
0	79
0	44
71	119
26	0
19	0
8	60
65	73
3	0
526	0
0	207
1	34
1	47
1	30
23	182
27	183
45	0
9	0
29	0
237	0
48	0
485	1196
241	0
0	15
2	19
5	19
1047	0
0	233
0	324
0	269
399	0
276	0
0	215
210	215
16	0
0	374
6	0
0	23
1	0
47	2
4	3
21	38
4	1
7	4
58	1
22	0
1	12
0	4
112	12
9	3
0	0
40	0
1	0
0	0
181	33
91	0
8	7
4	4
10	0
5	60
12	3
18	0
611	2
74	6
0	7
98	314
3	13
63	0
14	26
4	9
0	288
0	240
0	703
0	1494
55	2
18	35
288	15
14	21
9	0
5	1
28	2
49	2
0	168
12	168
31	440
5	439
574	153
24	0
1916	0
1110	0
10	0
5959	175
16	9
3	8
5	2
460	0
94	0
7	21
52	9
1	5
4	0
773	0
591	581
6	175
20	3
12	0
1	7
0	6
1	0
3	0
23	0
35	35
0	35
4	2
44	7
2	0
11	0
60	6
3	0
64	55
49	145
164	216
0	216
39	0
197	5
472	69
10	0
1	6
14	3
97	0
108	0
0	0
192	0
23	0
6	23
232	0
6	0
1	241
15	49
2	0
47	0
0	48
56	48
0	195
17	0
6	0
139	0
2310	0
71	0
55	0
301	0
0	309
2	324
0	356
122	0
1631	0
0	106
0	126
0	185
0	168
16	442
51	442
43	260
0	260
552	0
3	348
1	302
1007	348
323	0
836	0
7	0
34	0
102	0
1	1
27	38
1	3
5	1
6	17
34	0
3	15
6	0
7	40
16	0
54	36
1	14
15	0
4	34
0	5
86	0
7	117
4	35
17	35
1	9
2	0
53	0
20	0
31	0
1	0
59	0
52	0
19	0
15	0
0	71
0	77
0	77
0	76
140	166
0	135
17	166
11	0
8	0
0	51
32	51
19	0
8	0
155	0
56	0
15	7
30	1
34	7
28	1
34	2
50	0
2	0
24	0
4	0
2	0
32	0
2	17
12	31
0	31
0	40
34	40
41	0
10	0
31	0
0	1
1187	51
11	140
4	0
1	0
15	0
504	0
7	8
0	576
27	576
2	9
14	32
16	10
99	23
33	9
52	4
4	0
8	0
27	29
6	0
14	0
5	1
0	553
67	33
2	0
6	0
99	0
4	0
9	145
6	3
10	4
1	0
67	0
39	0
7	0
0	204
0	215
0	203
0	214
0	161
23	160
0	150
0	5
0	18
3	18
3	19
20	90
63	0
34	2
28	8
8	4
23	1
59	0
0	69
336	0
2	5
28	2
11	0
13	1
40	1
47	1
34	0
0	267
0	349
0	195
2	0
20	2
13	0
204	0
182	0
0	229
0	214
0	262
0	181
81	0
0	203
5	556
0	124
341	556
0	109
0	250
256	0
128	0
121	13
149	16
232	12
2	0
0	1
6	22
147	3
13	3
1	0
0	1
64	293
38	0
20	0
1	20
7	34
3	3
1	1
0	0
20	0
19	2
6	0
0	215
20	2
3948	542
0	290
11	297
4	301
0	7
0	272
2	165
1221	0
221	59
0	8
8	8
0	75
23	75
27	0
0	0
20	0
14	10
0	181
0	144
0	139
0	66
0	48
0	32
553	0
0	0
0	0
72	0
195	91
0	48
58	25
10	23
30	35
19	5
3	11
30	5
2	23
101	6
33	0
104	0
107	81
6	57
48	468
262	468
0	0
0	346
0	677
0	394
3	1
123	0
578	0
10	0
97	0
49	0
24	0
159	0
15	0
0	50
8	256
20	33
123	24
7	0
4	0
173	12
21	3
253	1
0	49
1	50
0	49
61	3
62	0
0	220
1	0
9	16
5	4
17	75
46	9
4445	0
1154	0
18	0
325	4
21	6
12	0
72	88
63	0
28	0
20	0
38	0
46	0
33	0
20	4
2	29
1	29
198	0
105	383
115	383
6	1
1	23
2	4
1	6
4	60
17	4
0	216
347	216
0	95
76	124
0	124
7	8
79	299
0	183
0	175
49	183
335	0
22	0
133	0
6	5
0	180
56	180
0	177
0	117
75	11
115	0
4	94
0	104
37	4
9	0
11	3
87	2
16	7
13	3
0	153
0	322
0	401
0	394
7	124
81	647
0	357
10	4
30	1
32	0
3	80
0	81
0	100
1	26
0	86
22	0
250	11
70	155
53	115
17	0
17	0
28	0
40	0
162	0
0	32
0	32
3	32
0	78
31	78
202	0
91	179
1	179
930	0
0	110
9	110
0	64
0	63
6	64
195	0
13	1
2	180
0	174
0	187
0	193
0	186
0	192
0	186
37	0
0	32
0	31
0	32
0	34
0	34
0	32
0	201
652	201
1	408
0	393
0	285
163	6
7	9
0	17
0	13
0	15
0	13
4	37
30	13
25	0
0	66
0	48
0	32
0	31
0	182
0	160
0	160
0	184
0	168
0	81
0	144
0	139
13	10
37	11
33	72
2	4
97	18
13	5
1154	0
10311	0
46	7
6	0
384	0
71	0
17	45
16	8
22	0
3	2
0	10
2	0
26	0
1	69
6	60
0	7
386	0
67	0
67	0
247	0
21	0
114	0
331	0
23	49
35	0
320	0
67	0
2	0
90	0
7	0
0	23
0	20
10	1
56	0
66	0
0	13
31	2
39	0
1	30
1	1
1	1
157	5
7	9
1	4
3	9
0	0
2	0
27	0
6	3
528	0
44	4
0	4
12	15
4	15
13	30
45	0
12	39
19	39
21	9
27	0
35	96
67	49
6	26
389	0
349	0
2	125
86	125
28	348
0	348
22	0
146	0
11	0
583	0
6	915
0	960
27	954
1486	0
3537	0
13	0
67	661
63	661
822	0
0	290
0	254
7	292
13	292
470	0
0	300
42	300
4	179
0	316
0	202
6	208
593	0
152	44
256	0
605	0
69	0
67	0
72	0
5	1
1	3
6	8
3	14
25	26
0	4
46	43
77	0
5	54
0	0
60	0
10	106
24	2
1	0
50	2
61	0
0	0
6	2
17	29
2587	1
5	1
22	34
1	48
57	8
107	20
89	0
25	11
1075	1
54	0
198	6
0	201
7	7
0	49
0	43
0	43
6	52
0	52
0	48
752	0
141	34
17	1
19	55
47	5
20	0
12	0
3	0
0	73
17	43
0	52
13	38
45	0
71	0
0	404
0	1191
0	288
15	1434
58	1482
361	0
18	52
0	52
3	26
461	114
39	59
0	59
8	99
1074	99
0	406
0	342
0	300
0	396
50	418
0	448
0	291
26	121
0	120
1077	0
6	70
222	0
0	3
0	0
27	0
147	73
5	48
312	10
481	0
367	295
0	295
1	0
11	1
163	0
10	21
20	5
66	0
24	0
12	0
6	17
0	9
4	0
11	1
0	81
194	0
3	0
0	0
11	0
0	3
34	22
163	1
2	8
6	3
1	6
1	3
39	4
0	12
119	63
11	0
86	937
117	0
2	11
31	0
5	255
52	0
0	18
1	18
12	0
0	0
141	1
57	0
483	62
62	0
4	13
3	6
165	169
62	144
0	66
0	48
0	32
207	0
0	116
0	175
0	173
0	129
0	129
0	226
0	158
0	154
0	113
0	108
0	82
0	425
63	425
0	324
34	0
15	61
6	0
30	4
17	37
8	37
24	10
2	20
2	0
31	0
62	0
2	1
1	1
10	0
0	0
4	27
0	7
110	0
44	0
0	1
0	1
42	0
62	0
241	353
1	0
5	0
0	0
2	7
16	0
97	37
1	0
12	1
2	2
59	0
5	23
5	47
19	3
0	0
28	29
41	11
25	0
17	0
0	0
10	29
383	6
83	0
185	335
5	3
16	0
86	0
5	3
135	0
0	0
13	8
3	4
5	14
334	194
0	194
161	0
15	0
0	1
49	0
25	123
5	1
1	0
63	0
15	3
27	0
30	2
44	9
564	37
42	0
17	0
4	0
91	0
0	4
1	1
54	0
15	0
9	0
77	0
185	167
48	5
116	6
14	0
8	12
4	3
3	130
0	0
135	0
0	5
103	2
2	9
86	2
0	0
10	2
25	41
18	2
8	0
128	0
47	8
3	5
0	5
0	4
0	5
27	75
0	32
115	0
39	0
3	0
3	6
1	1
182	256
1992	7
496	0
410	0
0	650
0	691
0	366
18	0
49	10
11	0
21	0
59	0
2	20
3	6
1	0
4	3
3	0
22	17
888	0
2	11
160	134
29	0
10	0
16	4
51	0
7	0
39	0
0	0
4	16
0	16
21	0
3	0
6	6
8	6
2	1
3	11
0	0
0	0
23	0
29	0
52	0
14	0
46	0
5	2
14	18
0	0
1654	542
34	0
23	0
13	15
3	0
197	52
0	111
45	442
3	359
0	359
324	0
15	0
200	0
383	0
90	0
293	0
55	0
318	0
302	0
10	139
6	0
15	0
2	0
3	0
4	0
254	0
8	28
5	66
15	5
3	25
0	159
10	304
293	304
1100	0
5	2
13	21
144	1
0	262
0	213
73	105
0	105
65	0
0	16
62	10
47	13
233	19
0	0
5	0
6	2
298	60
676	0
0	0
51	0
4	0
0	0
4	0
1	6
0	1
0	1
0	186
0	286
0	312
407	47
0	47
37	808
4	853
0	568
402	0
0	273
107	273
8	13
0	13
119	0
0	511
1	478
30	511
106	0
0	410
0	496
4	76
3	125
0	87
11	20
7	29
18	0
13	20
5	0
11	0
14	0
2	21
8	0
20	0
0	66
0	66
0	64
208	61
59	172
11	172
428	58
0	34
0	13
0	10
0	10
0	11
4	0
123	18
19	13
2	49
64	0
16	64
55	64
52	0
50	0
0	0
9	2
38	0
54	0
159	752
8	752
790	0
272	0
182	766
2	766
0	442
0	362
0	508
528	834
0	834
174	0
55	1
38	0
3	0
36	11
2	0
3	0
7	1
142	0
0	166
186	166
91	0
331	0
231	0
43	0
36	0
11	0
195	0
302	7
62	86
0	276
12	276
1	0
2	0
10	40
0	40
6	0
63	12
4	0
31	25
20	19
3	8
20	8
127	3
3	102
37	0
21	0
23	0
0	10
50	10
0	45
1	7
0	63
0	61
31	63
106	0
287	0
23	299
0	299
821	0
0	255
0	174
29	255
60	488
0	488
3	144
0	183
46	176
15	176
0	171
496	0
5986	0
0	35
78	73
0	73
0	38
96	321
2	321
0	343
0	454
0	374
544	454
626	0
35	92
0	92
41	0
0	82
0	7
0	41
0	20
14	50
4	40
0	79
2	79
0	746
172	746
31	0
119	0
12	840
1303	0
524	24
17	255
2	0
3	0
2	0
3	0
3	18
10	0
6	0
70	147
556	33
28	9
9	0
34	0
21	0
24	6
2	126
0	110
0	148
0	45
0	91
100	0
54	0
8	4
1	5
18	0
7	10
289	0
9	0
31	0
0	449
275	449
11	0
5	0
45	0
39	0
0	17
36	4
14	0
45	3
15	15
136	354
0	354
78	0
683	0
0	734
3	731
394	734
145	410
8	11
6	0
65	1
166	16
129	0
5	6
18	2
0	1
5	37
111	0
91	0
173	19
2430	0
265	0
103	0
53	8
4	30
117	0
3	32
106	39
22	0
49	0
26	0
52	0
1992	0
40	0
115	0
1588	1
647	0
72	237
0	237
0	218
353	0
16104	1
18	0
0	10
41	10
0	7
20	1
50	0
0	23
75	30
24	7
63	3
301	0
10	1369
433	1369
7	0
65	0
117	14
20	7
242	0
72	0
379	0
178	3
13	0
140	0
6	0
5	0
102	0
4	0
6	1
27	0
6	2
41	37
0	0
18	51
10	0
0	0
3	1
40	1
25	1
20	0
42	0
0	11
225	196
680	0
308	0
317	0
163	0
420	0
46	628
0	628
0	247
24	247
92	0
5	2
396	0
1713	0
88	0
92	0
6	0
29	0
94	272
5	44
7	118
8	1070
111	798
239	0
36	1033
52	838
0	983
5	1072
0	1084
0	1072
0	81
0	261
72	446
0	446
643	0
0	100
0	100
14	100
141	0
373	0
254	0
0	35
0	85
2	69
1000	0
345	0
0	15
72	15
77	0
0	2
0	46
2	46
999	0
408	0
41	50
0	50
48	329
1	329
16	32
0	32
18	0
56	191
0	191
154	0
0	8
0	11
13	11
1	17
1	17
30	53
3	12
19	0
112	10
242	0
13	0
1	0
22	71
50	0
21	1
103	4
631	0
4	0
0	0
571	52
51	0
1	0
0	3
0	0
18	22
194	34
18	16
3	0
38	41
0	41
1	78
106	78
0	10
0	10
5	4
0	10
0	4
1	16
0	25
0	5
4	8
0	15
0	3
0	0
0	15
0	21
5	28
0	21
0	10
0	24
0	10
0	26
0	1
0	28
0	0
0	25
8	22
0	26
12	7
2	0
25	0
42	0
0	1
5	7
0	0
6	0
0	288
0	240
140	0
293	0
989	1
8	0
73	0
0	27
0	19
138	9
259	71
4	3
6	3
0	3
1	6
0	0
1	1304
8	700
4	1
0	0
31	1
5	0
11	0
67	66
65	0
22	6
1	0
38	1
1	0
0	0
8	0
10	39
0	7
4	36
81	1
887	360
2	0
0	49
14	49
129	1
6	53
70	3
0	4
0	4
9	3
25	0
7	0
111	11
7	11
101	0
16	0
1	0
40	0
0	0
0	0
35	4
195	4
0	43
12	1
5	0
0	0
35	0
2	50
6	0
23	3
61	0
2184	0
8	0
65	0
363	0
0	111
0	143
0	135
6	125
0	126
5	0
74	3
62	3
8	0
4	0
487	0
69	0
39	106
0	106
0	13
2	6
1	6
52	0
82	0
312	0
199	0
0	446
0	450
0	448
0	449
0	455
0	453
0	454
0	441
0	431
0	445
0	435
96	0
463	0
0	178
209	178
0	59
160	59
1377	0
95	155
0	155
0	172
2	172
0	43
8	37
0	92
6	168
39	168
0	253
18	253
335	0
6	512
46	512
79	1
43	0
24	0
49	0
0	15
0	15
0	9
0	9
0	16
2	15
0	15
0	16
0	12
0	10
0	15
0	9
0	10
0	15
0	128
0	106
3	128
0	117
38	131
0	131
199	0
12	383
69	383
0	65
1	70
0	0
0	84
3	82
0	96
26	0
0	53
67	47
2	54
2219	0
79	439
0	448
25	435
10	0
0	172
433	172
16	329
1	329
803	0
340	0
302	0
0	267
257	267
287	0
21	0
464	0
319	0
305	0
27	0
1	158
84	158
3070	0
26	125
0	125
2	959
330	959
252	0
104	0
1652	0
503	0
472	26
63	26
39	0
13	30
55	36
19	4
62	0
18	144
0	144
461	0
140	0
762	0
240	0
0	380
15	380
0	87
270	87
120	0
4	0
29	0
38	126
0	126
103	449
0	449
0	27
0	10
0	30
0	31
1	0
0	60
0	56
0	56
0	53
3	60
13	0
1227	0
523	0
0	0
4811	2670
233	0
2359	0
81	153
0	135
0	153
826	0
0	85
0	74
5	92
0	92
1308	0
43	503
0	503
0	139
0	139
0	142
0	139
6	142
0	139
11	79
103	4
24	4
385	0
90	0
53	0
15	0
0	177
0	516
111	516
0	491
242	0
28	406
0	406
487	1637
0	1637
3	18
65	842
0	842
0	833
14	148
1	102
3	148
2	20
297	0
13	0
35	0
233	0
4	4
81	62
4	0
0	873
255	873
1266	0
101	36
63	38
2557	0
26	0
52	0
141	0
14	111
0	79
22	111
0	287
0	274
0	286
0	273
0	257
0	247
0	246
0	27
711	0
13	42
0	42
268	0
105	101
0	101
200	0
1217	0
758	0
3	10
0	10
43	9
77	0
5	0
11	244
0	126
198	244
0	250
1	213
0	250
119	1
0	287
14	287
185	16
720	0
13	10
0	131
92	0
19	0
63	3
10	0
17	0
56	0
0	10
1	10
18	0
5	0
26	0
3	0
3	0
28	0
9	0
14	0
9	0
1615	0
0	275
109	275
0	117
99	84
0	124
151	0
122	0
6	0
21	0
2	0
0	0
132	514
0	0
1	0
349	0
0	202
56	202
0	10
7	10
69	0
14	0
3	0
13	0
13	22
34	77
0	77
0	228
0	230
2	230
5	230
0	230
10	230
212	0
34	48
0	48
20	258
10	258
0	92
457	0
1	142
74	142
10	0
9	59
0	59
5	713
13	0
35	12
3	123
0	123
31	596
4	596
21	422
0	422
8	0
3	0
5	0
102	0
7	0
0	456
24	7
1589	17
2644	0
607	0
336	0
342	277
3	277
1178	0
3	0
1	0
0	0
78	0
65	3
47	32
9	0
2	0
72	0
102	0
11	0
0	127
6	127
0	141
10	141
143	1
143	0
0	157
0	101
0	171
0	111
3	86
0	205
1	117
0	102
2	143
0	124
562	0
283	0
48	52
0	52
0	113
7	113
0	113
20	0
8	0
3	1014
13	1127
0	1132
77	1127
59	202
1	202
0	6
0	5
31	6
0	6
11	0
1054	0
11	0
0	8
0	0
0	0
0	0
6	0
118	0
21	12
46	281
172	3
82	0
42	1
0	10
0	10
0	10
124	0
316	0
32	181
0	181
607	1
34	0
105	0
751	0
12	242
346	242
4	0
2	0
22	0
7	0
2	7
19	0
297	2
60	0
35	0
34	0
2	0
32	0
147	65
91	0
2	8
68	1
24	0
154	0
74	99
0	288
0	240
1	1110
23	18
239	0
0	75
9	243
0	243
0	172
8	43
35	172
9	0
11	1
0	0
65	30
0	8
0	10
0	10
55	1
76	1
7	0
27	0
0	69
22	69
845	0
0	25
0	24
0	25
0	24
0	184
0	194
16	194
0	364
50	364
622	0
209	0
633	0
133	0
3	0
7	10
0	10
2	0
30	0
0	79
96	79
43	0
44	2
4	2
5	0
30	1
333	0
102	0
3	318
0	377
9	355
10	367
131	0
0	0
2	10
17	10
8	0
8	100
66	0
11	0
0	1
1	0
29	1
499	1
0	0
16	4
4	1
1	533
49	533
14	463
149	463
63	0
15	1125
11	1125
39	0
10	0
0	26
0	26
177	1
13	143
13	143
466	0
150	1
41	0
0	90
166	90
271	0
8	38
0	38
0	34
100	292
340	292
88	0
62	10
45	10
0	137
71	137
194	0
263	0
3	63
31	63
35	0
319	1049
105	1049
0	169
1	158
0	200
0	169
375	0
16	32
1	32
68	0
177	0
340	1
380	0
201	0
0	150
1	121
10	150
0	150
50	0
37	0
48	0
50	0
48	0
23	0
38	0
17	0
23	0
1049	0
813	0
0	73
0	66
0	57
41	73
11	72
0	47
0	42
38	0
89	2
5	0
12	5
28	12
24	1
10	3
22	128
28	128
2	0
4	0
212	0
7	123
2	124
12	121
1	118
195	0
54	2
10	70
8	0
3	0
5	0
242	0
37	0
69	0
328	0
348	0
2	0
23	50
1	227
0	257
0	246
57	437
0	436
13	437
0	437
0	90
82	90
0	129
4	129
1	129
400	93
8	93
17	0
2103	0
0	0
1	0
8	0
4	0
78	0
144	0
18	2
1	190
23	47
0	6
176	0
8	0
16	0
0	0
46	0
98	0
91	0
212	25
94	9
0	215
45	2
3	0
10	2
6	0
2	0
46	3
23	2
11	22
0	1
0	288
0	240
0	386
0	1167
1196	1167
23	31
7	0
40	13
0	0
21	0
1	0
0	0
10	0
24	252
16	128
0	112
16	0
199	61
78	20
207	0
107	6
128	16
129	19
94	16
29	5
408	9
132	31
0	28
4	216
78	216
348	0
60	0
0	489
20	489
68	0
0	2094
0	4962
9	4993
0	4993
36	0
9	0
1365	0
17	20
29	2
0	30
0	153
0	7
0	32
4	183
76	519
20	519
5	413
1382	413
0	531
2077	531
189	0
409	1
95	0
306	101
0	101
776	1
4	841
51	850
0	850
294	0
2203	0
0	149
23	149
0	116
22	116
26	176
1	198
0	149
170	0
0	168
0	167
0	164
7	168
0	153
3	153
401	0
103	0
122	305
0	305
51	1
245	0
0	343
133	343
12	0
0	90
33	90
1310	806
0	806
17	192
255	192
25	14
6435	0
38	0
363	14
0	385
0	368
28	385
0	273
140	273
47	0
16	0
587	32
11	32
31	0
166	3
26	3
21	0
1	0
197	0
1	0
39	0
137	0
0	5
0	5
7	147
258	0
8	0
1	0
110	0
0	269
7	306
0	216
0	432
0	400
0	5
0	5
0	5
0	7
1	7
0	213
92	213
1233	0
2061	0
29	252
443	252
225	13
0	13
31	0
17	130
1	130
34	37
0	36
8	37
356	0
12	163
214	163
32	236
0	46
5	236
58	0
19	0
1	0
13	0
16	0
2	0
28	1
0	254
2	254
162	0
174	0
20	302
52	302
0	302
0	504
224	504
0	62
199	96
0	96
53	0
3	7
2	7
1	0
0	0
19	352
12	352
0	192
0	193
0	195
0	190
176	0
538	0
5	154
306	154
56	256
3	256
0	375
160	375
406	0
20	0
1749	0
0	329
45	329
1	262
0	176
1	101
359	0
100	853
27	853
0	173
2	149
0	215
266	0
124	0
30	0
8	0
49	0
116	0
0	65
34	65
332	0
9	53
388	0
39	0
9	0
327	0
33	5
45	1
23	0
64	1
59	0
477	101
0	101
192	0
81	0
560	0
97	163
0	163
425	0
0	212
0	162
37	212
181	0
4	343
100	343
681	659
0	659
33	0
87	0
27	0
93	0
36	0
330	40
37	39
15	0
2	0
4	9
9	0
0	4
0	5
0	5
0	5
0	4
0	5
0	5
44	5
46	0
433	0
0	4
29	4
73	0
16	38
11	142
14	4
5	5
12	0
1	31
4	31
51526	0
0	546
275	546
9	0
0	164
53	164
0	88
10	88
8	0
0	8
3	8
9	0
158	0
1705	0
91	37
3	0
26	0
12	0
71	0
10	0
59	0
0	0
13	0
0	189
55	180
24	180
0	730
0	648
0	931
0	600
10	0
8	0
387	0
3	0
97	21
327	0
425	1
143	1
154	0
6	86
8	52
1	3
3	0
23	0
1	0
0	0
1	0
0	0
10	1
10	13
5	0
11	0
81	30
9	0
1	4
0	1
8	4
5	0
0	719
36	0
25	16
103	0
40	2
220	0
4	44
2	64
1	64
181	152
74	153
0	69
8	0
7	0
1	5
9	13
2	27
9	283
22	13
6	0
1	0
89	11
73	156
2	3
2	0
1	2
8	8
287	3
80	16
10	1
95	1
81	52
0	79
11	79
49	0
33	0
2	0
142	0
68	0
357	1
102	5
9	0
0	26
0	0
20	31
0	0
246	20
5	24
3	1
34	7
4	1
11	0
1	16
363	0
36	1
280	4
50	1
24	6
12	35
28	0
9	48
4	0
27	7
2	0
18	0
28	1
29	2
15	1
60	2
21	0
0	37
892	4
8	0
0	209
4	0
32	0
58	0
39	2
1	12
146	0
21	0
12	0
665	3
8	0
35	0
16	2
6	0
22	0
7	1
6	1
37	0
0	0
73	35
6	12
3	0
9	0
4	0
0	36
0	71
8	69
68	0
6	0
2	0
1	0
0	0
5	3
0	3
0	7
5	0
0	0
0	1
0	0
245	1
9	0
24	0
2	3
11	0
7	0
0	1
0	0
7	15
15	18
1	0
2	0
31	1
51	3
116	48
94	0
5	0
39	17
10	4
30	0
144	0
124	0
0	0
176	55
6	1
1	0
11	8
54	369
104	369
5	347
0	382
15	393
0	393
0	382
0	98
121	19
29	19
225	0
11	0
48	55
22	0
22	2
12	0
25	4
49	0
104	0
359	0
2995	3891
2	1
13	0
16	0
10	0
8	0
0	0
1	0
36	0
29	0
14	0
37	0
0	10
1	10
0	9
0	9
1	176
0	176
74	0
4	576
0	628
0	345
37	374
0	374
0	373
178	0
0	263
60	268
0	268
1073	687
36	8
0	8
2	0
6	92
0	92
23	0
0	469
0	428
62	473
0	473
2	21
21	21
1	3
11	164
91	6
5	0
0	5
0	3
6	11
16	2
8	210
76	70
97	35
14	12
78	0
3	0
83	204
87	204
0	75
29	75
100	0
209	0
18	0
656	0
7	1
0	70
2	48
12	70
0	58
4	59
243	617
0	617
18	205
7	205
180	0
221	0
433	0
2	376
49	376
336	1764
44	1764
0	109
19	109
0	109
516	109
63	211
0	211
1935	879
0	879
717	0
110	113
2	113
0	20
67	921
331	135
0	135
75	0
652	0
98	0
332	109
0	53
0	109
0	332
3	278
6	332
88	0
0	101
1	101
89	0
89	0
0	572
0	571
0	468
11	572
15	571
1022	0
7	112
7	112
0	80
0	90
246	0
0	150
202	150
542	0
59	0
57	0
63	0
4	3
118	3
30	0
171	0
0	4
11	4
14	0
16	338
389	338
0	593
501	653
0	653
1	79
0	116
2	129
3	129
139	0
129	0
27	210
6	20
0	185
0	194
4	193
0	434
1	415
2	429
548	413
107	89
2	89
0	299
0	296
0	304
0	301
0	301
2	157
23	239
0	239
0	170
0	160
98	0
30	174
0	174
0	164
359	0
39	0
22	0
106	0
107	0
0	178
0	171
0	216
0	201
0	172
0	210
0	195
406	0
312	0
0	232
2	229
6	230
0	83
8	83
38	0
0	193
6	193
0	188
7	236
2	236
15	236
3	131
15	131
208	131
127	0
5	0
0	100
29	100
0	87
367	0
68	0
18	0
6	0
2	3
322	53
132	0
0	2
0	25
75	0
50	0
27	0
10	5
14	0
7	0
15	0
64	0
37	11
18	0
30	87
38	8
41	15
61	20
122	0
251	110
14	0
391	145
53	5
0	10
11	11
3	0
8	0
46	0
16	0
16	1
2	0
0	1
14	6
53	28
180	11
41	36
158	20
70	1
5	2
57	21
0	23
6	7
253	0
1475	0
31	0
128	35
31	0
2025	7
9	0
0	2
7	13
520	1
499	10
0	0
78	32
218	1
46	0
1134	2
76	0
0	40
6	40
2	0
325	2
14	10
2	0
83	1
29	2
7	0
34	2
5	44
9	11
20	70
11	0
71	0
136	10
72	0
8	26
8	0
32	1
97	0
0	1
16	0
75	706
0	333
12	56
1	0
12	0
205	0
117	0
2	139
99	139
543	0
647	0
5	0
2	0
166	0
6	10
0	10
0	88
5	88
204	0
46	0
9	0
32	0
74	1
0	2
0	2
4	13
3	0
14	0
38	689
0	5
350	0
19	0
70	3
33	7
22	4
39	5
112	41
0	3
5	0
0	5
12	250
8	228
0	251
36	248
0	266
255	0
10	401
0	441
0	401
0	400
632	0
27	95
151	95
6	0
199	0
56	10
34	9
143	0
9	50
29	21
4	11
249	153
4	70
12	70
231	0
29	0
17	0
126	46
468	10
0	37
0	36
0	38
1	2
0	40
3	40
3	0
41	20
1	0
22	19
2	29
6	0
20	0
12	0
260	0
1243	0
1	228
0	208
0	232
0	246
339	0
0	257
12	257
3	0
63	0
3	0
86	0
289	0
0	39
18	46
0	46
76	0
100	0
0	21
0	22
0	21
3	11
0	21
0	13
46	0
5	0
54	0
15	0
1	0
855	0
1	4
5	1
12	0
14	13
34	1
8	1
6	1
199	9
0	0
13	2
52	0
12	0
27	2
9	0
27	0
91	0
2	0
48	1
50	0
32	2
0	7
163	6
18	7
27	7
59	13
375	0
78	38
45	3
15	0
180	46
2	20
118	1
3	0
282	75
2	0
10	0
1	0
474	0
0	143
33	134
21	118
1797	0
16	0
10	0
379	0
8	0
65	0
31	0
12	1
27	0
0	0
0	1
0	0
14	0
1289	0
428	79
2	0
4	15
13	2
1	0
70	15
18	145
18	0
1	1
3041	122
0	122
0	276
1067	276
28	0
405	34
9	34
0	153
0	541
0	462
0	559
0	534
22	542
128	716
0	725
26	0
0	42
0	7
57	0
1	0
144	0
13	6
14	0
9	0
35	0
43	0
16	0
3	1
8	3
0	52
0	34
0	18
0	111
15	124
0	109
0	65
0	65
0	162
0	94
0	49
0	44
16	4
27	11
30	34
23	3
216	0
561	0
11	8
14	0
1	0
2	0
76	12
18	2
16	7
21	0
17	0
9	8
10	0
18	0
71	37
28	0
43	14
11	1
51	0
763	0
419	0
14	5
5	24
1	13
3	1
6	1
38	7
283	0
0	0
0	0
41	0
0	0
39	1
4	5
7	0
47	1
19	0
15	0
149	0
1	7
27	0
40	0
14	0
25	1
1367	1
308	1832
19	0
15	0
17	121
0	121
0	35
5	2
3	2
1221	0
256	0
122	10
305	0
30	0
88	429
0	429
5	0
140	0
92	0
283	27
0	27
210	0
505	0
0	148
0	116
0	120
395	0
0	575
0	575
0	571
10	309
0	309
0	308
1	300
160	0
82	0
10	417
0	397
0	417
506	0
850	0
390	0
115	0
157	0
370	251
0	251
0	96
1039	0
0	531
2	396
3	472
35	0
8	13
214	0
9	0
7	0
1	0
8	0
75	0
28	0
74	29
56	12
217	0
4	1752
46	1752
156	1751
0	258
86	258
0	216
0	275
0	314
164	0
305	0
0	118
27	118
48	0
422	0
177	0
52	0
14	0
1	1249
0	292
10	1247
165	1249
57	0
165	0
1	67
10	67
21	67
142	0
0	152
0	161
10	388
0	260
0	213
75	213
77	0
19	0
21	0
0	140
94	140
1741	0
1910	0
5592	0
475	0
387	95
9	95
192	0
2	279
331	279
768	0
6599	0
129	0
0	164
0	181
21	181
522	0
326	0
191	0
212	50
0	50
30	152
346	0
249	0
306	0
766	0
659	0
124	2
87	0
85	0
353	0
156	0
67	1
65	0
0	70
49	70
5	58
0	58
330	3
0	108
16	108
1084	0
23	0
0	46
0	29
0	31
0	21
25	236
0	38
0	287
0	55
560	0
93	0
1	173
3	0
11	0
421	0
0	32
0	32
12	372
4	181
4	372
30	0
15	0
1602	0
3022	0
8	1430
63	1441
86	70
2023	0
23	0
0	84
84	84
0	146
58	146
1476	0
0	244
42	244
348	0
7	275
0	275
0	170
0	114
287	0
35	113
25	179
2	178
67	120
0	120
425	0
221	0
509	0
0	111
0	118
0	86
2177	0
0	86
10	86
0	192
0	187
0	266
0	261
0	240
0	235
0	141
0	107
37	107
0	91
12	92
0	92
1308	0
25	0
819	0
2649	1
408	0
58	0
4	16
0	75
0	59
0	63
0	29
408	0
479	0
0	47
0	47
433	1192
0	1156
706	0
0	478
239	478
0	257
16	257
212	198
0	198
376	0
112	0
507	0
1627	0
1	0
243	0
164	0
82	0
0	116
0	118
0	118
204	0
408	0
186	0
0	139
1	152
48	152
0	231
0	206
39	231
1	143
29	145
0	145
0	752
1814	752
13	0
0	494
1	31
811	525
2	31
8	0
20	6
0	6
7	0
56	0
3	249
0	268
0	337
12	277
22	277
1161	0
2	119
62	220
0	220
44	0
10	10
0	10
59	0
0	361
2	361
200	7
0	232
105	232
6	126
0	124
0	190
225	0
0	432
0	288
0	95
20	432
145	0
196	0
211	0
43	0
20	180
0	135
1	171
0	115
535	1
4	334
2	344
95	344
35	0
1269	0
41	0
0	13
1495	13
336	1
36	161
42	165
0	132
11	132
807	0
201	0
0	112
0	123
22	123
340	0
156	0
0	128
18	128
0	4
68	4
6	139
33	139
265	676
0	676
1	283
13	111
2	111
0	71
199	0
345	0
0	41
0	34
1	22
46	0
739	381
2	381
58	0
79	0
3	50
87	50
1	97
129	105
0	78
345	0
571	0
0	473
350	473
0	343
341	0
36	0
87	0
326	0
0	65
3	57
3	60
1	65
51	0
0	29
29	29
117	0
0	6
9	6
23	0
301	0
252	0
24	0
2139	0
0	165
0	276
12	276
641	0
254	0
325	0
197	0
78	0
133	0
181	0
12	21
0	33
0	40
118	0
165	0
0	13
17	13
262	0
85	156
0	156
3	264
108	264
379	0
0	70
30	70
41	0
0	0
0	19
2	19
0	19
8	0
0	448
0	380
127	448
10	179
2	179
0	48
781	0
346	0
0	428
278	428
114	0
159	0
353	0
7	0
11	0
194	0
72	285
0	285
545	742
36	462
5	280
0	276
52	186
6	90
124	0
81	0
5	91
0	91
606	0
545	0
0	114
0	112
55	114
0	105
68	40
0	40
245	0
678	0
0	301
39	301
4	0
0	85
77	112
0	112
0	108
0	143
17	459
0	182
0	459
0	261
0	261
27	261
0	250
1	253
11	253
0	38
171	38
13	0
1	410
0	461
0	279
616	376
1448	0
703	0
140	0
12	0
242	0
733	0
27	18
8	1
42	2
6	0
26	0
0	82
27	82
20	18
246	73
5	0
313	0
4	37
35	0
21	0
15	0
6	0
5	1
28	5
9	0
81	0
0	0
79	24
16	6
1080	0
0	221
5	221
2	212
60	0
0	158
9	162
0	162
467	0
5	298
0	299
10	288
2	0
0	186
0	183
12	184
2	294
0	171
43	110
38	1
0	111
169	111
28	458
96	458
1	552
5	60
3	0
67	0
18	36
179	0
62	7
65	2
0	0
23	2
17	0
9	0
225	611
123	935
4	15
30	5
7	12
172	2
0	245
24	245
0	43
18	402
2	370
0	277
2	50
405	0
641	0
97	0
0	32
8	32
5	0
26	0
50	0
7	22
9	0
1	4
4	0
2	0
181	32
39	0
136	0
47	0
69	0
225	0
2	0
0	261
33	261
2141	0
1965	0
0	23
2	23
11	22
0	104
39	104
313	0
3	135
9	465
128	465
498	465
33	0
130	0
2752	0
0	229
7	229
481	0
155	0
0	25
5	25
0	0
25	0
15	0
1	1
87	0
1	0
7	0
15	0
0	56
2	60
1	64
0	64
0	63
602	0
99	0
0	395
12	395
0	158
35	357
38	357
113	0
216	0
0	856
0	955
3	855
52	855
62	955
238	0
37	0
764	0
289	0
93	232
4	229
0	688
742	688
0	365
0	292
0	433
246	0
3	0
219	0
246	0
280	0
0	3646
403	3646
5	718
73	764
17	781
0	597
0	619
0	722
1	459
0	602
0	705
58	0
0	55
1	55
0	49
316	0
39	55
0	55
95	0
84	170
0	170
179	0
4287	0
282	0
330	0
207	0
277	0
0	702
86	801
0	665
1	801
0	799
0	714
4	0
53	0
8	14
54	14
0	70
0	70
76	343
9	343
26	396
3	396
3	165
57	165
5	12
21	6
52	0
39	8
6	13
18	1
18	2
10	2
0	2
24	1
117	0
362	0
0	77
22	77
0	13
1	8
1	12
346	0
0	303
22	303
531	0
202	0
1842	0
0	214
45	216
0	216
711	0
7	42
15	42
7	42
606	0
0	306
111	306
257	0
378	0
251	0
0	375
11	375
16	115
86	145
0	30
405	0
266	21
88	58
32	2
8	4
2	2
213	0
1222	0
897	0
1086	2
5	3
12	95
78	95
4	70
1	7
22	1
14	0
23	0
14	0
6	0
31	3
0	0
1	0
12	0
248	0
41	0
33	0
11	0
13	0
18	0
27	1
12	0
45	3
74	0
3	0
2	0
4	0
45	1
20	0
63	0
23	34
7	3
3	1
230	1
8	1
1	0
160	0
58	0
0	64
21	64
0	40
73	40
42	177
5	177
0	320
107	320
0	146
0	21
21	21
0	640
6890	640
5	0
3	0
34	0
61	0
245	165
63	2
35	20
49	11
2	16
3	35
357	47
6	0
17	7
153	0
0	0
1	0
19	0
0	305
0	365
185	374
0	374
0	64
11	64
0	64
46	252
22	252
0	345
7	306
0	409
2	373
0	409
5306	0
399	0
218	0
399	251
83	0
47	0
4	263
1	126
0	195
1471	920
0	920
549	0
167	0
328	0
5	0
0	116
9	116
0	17
15	268
0	268
1	192
8	192
277	0
0	168
79	168
1	144
453	0
639	0
619	0
1080	0
51	16
12	124
40	136
0	8
2	8
4	0
42	0
386	0
21	1
120	13
60	0
3	0
196	5
5	9
0	201
77	398
0	398
250	0
1	0
224	7
0	7
325	0
74	0
180	0
1365	0
9	4
12	4
6	0
17	10
0	5
10	34
0	27
12	6
721	0
640	0
1247	623
0	623
0	218
0	78
3	78
685	1
1	30
5	31
0	31
3	30
0	29
0	161
0	127
3	88
0	1
18	68
4	68
0	17
0	63
1	60
15	155
0	471
33	486
93	462
0	549
2851	1
229	0
22	0
3	0
29	0
81	0
1	0
0	0
0	0
0	1
202	0
23	1
13	0
6	0
70	2
676	0
29	0
51	0
37	0
73	0
180	0
1	0
6	0
4	0
15	69
5	70
1	22
29	2
0	0
6	0
40	6
10	19
2	12
147	12
45	42
26	78
0	122
2	123
0	117
10	12
148	2
28	0
70	0
67	0
81	0
3	0
17	79
110	19
112	16
28	0
13	2
62	13
902	0
152	0
10	0
0	9
0	9
95	0
20	0
57	0
28	0
9	0
476	0
24	0
211	0
122	282
1	513
0	285
0	154
3	56
0	221
0	190
339	1
10	16
7	8
0	26
0	34
4	0
106	61
5	61
11	0
6	0
27	6
29	0
9	1
15	0
177	0
103	120
0	120
838	0
4892	0
151	0
171	0
147	0
16	1
15	2
22	76
0	38
0	105
50	105
6	107
4	27
4	1
493	659
3	659
18	298
340	298
2	0
2	3
0	6
3	6
10	0
3	0
4	0
7	0
0	15
0	28
0	27
271	0
0	367
11	257
0	566
0	548
0	370
160	370
1	92
0	596
45	495
0	143
548	0
0	254
42	262
0	262
8	175
1	175
101	115
10	114
3	33
8	44
1	355
345	355
234	0
102	0
14	265
0	265
5	116
73	116
144	97
25	97
0	55
0	89
353	0
695	0
0	194
0	168
0	207
0	210
11	210
0	171
539	0
597	0
0	629
407	823
0	653
0	656
0	857
0	884
37	0
0	15
0	15
0	15
90	0
531	4426
0	5542
0	3722
20	3961
207	0
69	23
1	27
54	0
1777	0
586	661
21	661
0	129
3	129
14	15
0	15
0	272
5	23
0	22
15	0
1	1
0	4
4	9
27	0
2	0
26	1
63	0
33	20
100	0
11	0
0	0
0	30
0	31
0	109
0	118
4	114
0	116
394	0
343	0
45	2
3	9
49	17
14	8
131	11
33	5
23	0
461	0
1899	1283
2	0
0	0
34	0
12	0
55	0
111	0
124	0
272	0
331	0
384	0
11	0
465	0
4	325
0	215
141	336
0	130
595	0
0	243
76	243
0	243
36	0
14	174
25	174
1291	0
116	2
674	0
6	0
254	0
192	28
1	28
18	495
0	639
0	469
7	0
0	817
0	801
310	817
162	0
1411	0
2	82
0	126
0	70
5	179
1	186
0	181
0	199
0	113
0	9
0	199
0	34
287	0
759	0
1493	0
142	1
0	5
115	5
0	4
129	0
0	184
24	184
10	0
0	205
4	205
197	205
29	579
7	651
0	750
156	0
39	92
0	106
31	239
14	231
0	240
524	166
0	166
0	183
0	183
7	195
0	195
389	0
369	20
0	20
0	8
2	8
0	8
256	11
436	269
10	245
0	245
7	0
0	1
62	155
444	0
96	0
78	0
29	0
11	2
6	0
502	0
0	3
0	4
3	27
7	23
0	30
0	2
7	6
33	31
41	0
25	0
25	0
29	0
140	0
0	4
0	4
4	5
0	5
15	0
0	10
0	3
5	12
3	12
0	3
0	11
0	4
0	10
2	11
0	5
8	14
0	14
0	8
0	3
0	9
14	6
0	6
0	9
0	13
0	12
27	0
288	14
220	1
2	0
46	0
19	176
890	0
0	539
34	771
42	734
86	76
263	0
170	0
328	319
0	319
432	0
2	1238
208	1238
6	358
48	310
1	131
0	131
0	122
7	77
12	77
32	165
0	165
362	0
1042	0
354	0
276	0
0	580
0	586
869	586
30	541
12	0
3	0
23	2
0	181
1	6
42	22
4	23
2	3
261	90
149	23
9	34
0	54
26	67
0	37
0	29
11	0
0	59
16	63
0	46
0	35
1	1
58	46
0	0
5	0
15	6
3	6
58	1
0	2
2	2
0	0
0	0
0	437
2	439
2	524
8	521
89	0
420	0
0	301
79	297
0	176
589	0
8	776
0	352
1	565
6	776
800	0
285	0
285	0
156	0
23	122
0	17
3	105
17	0
241	0
943	0
0	14
74	14
5	46
3	295
3	295
314	0
14	482
0	478
14	482
520	0
34	350
0	418
0	334
2	158
132	0
0	128
0	67
0	49
0	138
0	105
0	74
0	129
0	177
3	86
2537	0
0	294
198	294
0	261
1168	0
9	656
195	656
293	0
236	0
71	0
126	0
211	0
244	0
209	0
438	0
0	418
3	449
0	455
0	456
3	540
128	540
131	0
13	0
0	0
16	5
10	0
28	2
32	2
1	0
2	2
9	0
26	0
6	25
5	4
3	23
22	22
1	0
22	0
1	1
0	2
6	14
115	0
0	0
2	0
16	258
515	0
26	0
140	3
0	0
12	0
43	0
20	1
0	0
1	0
46	2
721	0
56	309
0	309
1854	0
36	0
60	644
16	644
0	0
0	0
10	5
33	11
0	9
2	13
6	12
79	9
11	0
14	0
33	0
65	0
3	176
8	0
37	0
254	0
25	6
0	6
14	3317
1482	3299
0	3264
198	0
369	0
1145	0
0	561
9	488
9	805
59	754
0	232
40	630
0	569
0	581
0	220
304	0
399	0
9	174
45	174
43	132
32	22
63	7
17	0
5	0
23	0
259	0
99	5
35	3
22	26
70	2
923	313
615	380
3110	8502
142	0
47	0
42	6
12	6
1	0
1	0
0	3
50	0
6	272
10	384
0	395
723	0
0	79
15	79
0	62
50	62
119	0
0	673
75	673
0	613
48	97
0	92
3	97
1852	0
0	27
18	27
175	7
0	178
36	178
0	94
0	81
0	95
0	95
0	89
1	127
1	127
2	2413
1515	2413
0	201
25	164
16	204
0	195
0	204
2097	1
0	14
0	29
0	23
0	23
0	23
0	29
0	16
0	16
0	15
0	26
7	26
386	0
13	0
85	0
0	68
11	68
0	28
3	28
202	0
37	289
1	289
0	793
206	793
0	461
0	422
0	466
0	462
55	0
100	0
123	46
0	46
2	43
1	43
0	35
181	0
0	55
4	54
3	56
158	0
12	0
11	216
260	216
29	0
50	0
0	26
0	25
1	28
5	26
0	3
127	3
0	49
149	49
2640	0
0	110
32	198
0	198
4	93
4	93
0	93
0	93
319	0
25	0
0	314
127	314
6	925
0	1206
0	1223
0	1119
4	1174
0	1231
0	1214
614	0
440	0
676	0
0	205
1	112
0	202
219	0
11	0
15	0
37	0
47	339
0	152
1	187
74	0
536	0
0	172
0	172
0	172
0	172
32	0
30	0
581	97
0	97
42	0
1	666
0	746
2	511
5	20
3	11
1	22
0	19
0	24
7	57
0	17
35	0
0	0
23	0
5	0
176	0
577	493
0	493
72	1
8	25
34	25
4	0
43	535
258	535
121	0
174	0
115	372
10	372
0	29
14	29
4	0
0	47
7	47
14	46
0	16
12	16
3	8
412	0
16	0
0	738
45	1
266	0
210	0
27	0
49	0
59	0
29	0
7	220
1	103
9	103
33	7
358	0
336	0
374	0
13	165
0	160
0	164
0	160
47	7
129	0
1	20
15	20
483	1
36	0
2	32
0	32
0	352
100	352
4	265
192	0
90	76
0	120
0	38
0	120
0	99
0	120
12	1
213	51
3	12
1	12
7	0
0	51
109	54
45	270
23	0
159	0
3	0
1066	0
603	0
0	145
6	145
0	51
6	79
9	201
0	255
0	464
2	226
0	264
15	328
0	330
0	335
0	269
4	319
16	8
3	10
3	15
0	9
0	17
103	0
48	0
2	50
31	50
28	0
4	0
4	27
0	27
0	981
6	809
3	975
3	75
21	75
117	0
45	0
213	0
0	288
75	288
344	250
65	250
184	0
26	0
29	0
73	0
26	24
0	24
14	0
22	0
61	0
1	0
1	0
16	0
94	0
2	0
307	0
153	0
5	0
1835	0
55	0
6	83
1	83
1908	0
1685	0
178	0
82	0
811	0
0	114
3	134
25	134
321	0
163	4
0	54
0	102
0	102
141	0
59	209
1	209
0	2600
36	3818
67	3818
736	0
0	116
0	124
9	124
358	0
359	0
102	0
325	0
1277	0
130	0
63	0
222	0
232	0
0	378
0	749
0	753
0	382
0	737
0	366
172	14
0	14
43	0
89	0
150	0
0	181
4	222
0	468
0	393
0	422
0	415
7	284
0	198
148	0
5	19
0	53
0	42
4	13
0	15
0	38
0	33
779	162
1283	195
6	117
0	730
0	711
0	650
1923	867
0	565
0	94
1	195
2	302
0	669
0	730
20	30
14	10
40	84
0	84
1042	6
1226	0
807	0
404	0
367	0
90	0
0	847
70	858
11	839
272	649
13	648
47	0
93	0
140	0
39	0
37	0
1608	0
438	0
0	766
2235	766
47	0
263	0
0	131
0	132
0	148
18	127
0	815
0	826
0	810
0	821
59	0
42	0
1207	0
74	271
0	271
73	0
0	417
1968	417
0	46
1129	46
73	0
0	107
0	135
0	40
0	93
0	144
0	173
3	105
0	47
350	0
729	0
603	0
4	176
2	176
0	176
682	1014
64	2509
128	1495
0	1227
152	0
288	0
82	0
7	0
0	175
2	233
0	64
2	175
701	0
0	109
4	109
0	109
3	66
22	66
0	201
14	201
0	201
332	0
119	0
247	0
33	0
0	109
0	132
0	86
0	91
0	31
61	0
31	0
39	0
25	0
15	0
188	0
1	54
0	54
0	51
10	20
355	0
1	0
105	80
0	80
8	0
20	4
115	0
34	0
7	40
8	40
2	22
12	22
85	0
123	0
82	818
23	466
0	1047
41	958
0	1101
24	845
16	21
4	21
263	0
9	424
90	424
0	80
6	76
0	68
0	78
322	0
1938	0
256	0
1	575
259	575
74	0
218	0
0	100
3	100
2446	0
10	0
1	0
809	0
100	0
79	203
154	203
808	1
27	1
203	5
0	848
0	845
0	857
0	836
0	887
0	899
0	890
2974	0
849	0
783	0
265	0
0	147
0	153
4	71
0	40
0	153
4	153
0	177
60	177
190	0
0	21
8	21
0	14
1	9
0	17
2	17
0	3
0	11
0	7
0	7
2	7
5	314
0	314
626	0
38	0
6	0
30	2
11	0
43	4
39	0
10	0
4	0
20	1
31	2
113	15
161	1
27	3
42	6
16	39
5	0
9	0
33	220
76	621
0	621
21	0
7	4
13	0
3	0
22	0
1	0
0	8
40	8
0	0
12	0
6	0
4	0
14	0
17	12
0	0
0	0
0	0
117	0
24	0
3	50
10	6
76	0
12	16
15	0
142	22
19	0
260	1571
0	0
120	0
4	1
7	6
46	55
36	0
2	14
0	0
0	0
5	0
7	2
15	37
117	3
35	0
545	11
0	146
117	146
0	239
47	239
74	5
238	0
166	536
0	536
0	90
0	80
0	99
7	99
0	84
0	78
302	0
2	132
0	132
643	0
208	0
0	191
17	191
425	0
62	0
608	0
0	497
0	487
0	682
0	593
0	408
282	0
431	0
1420	0
3	92
0	91
17	92
313	0
322	0
0	457
90	457
229	0
1	0
0	0
5	0
45	0
152	0
11	0
36	0
95	0
312	0
8	0
4	6
7	0
25	11
64	1
21	0
182	157
0	157
27	9
16	1
11	1
0	172
0	243
78	243
284	414
0	418
21	418
77	0
1	0
18	0
22	0
0	176
0	187
0	187
0	178
0	178
9	40
429	40
60	0
38	534
0	483
0	51
0	88
0	40
0	538
35	0
1032	0
80	312
0	312
0	266
0	295
0	293
64	295
0	280
27	1017
12	1017
7	70
276	0
900	0
3	0
395	0
12	0
331	0
5	27
51	27
1065	0
0	203
0	256
0	299
2	80
115	0
3180	0
355	0
0	71
2	67
0	64
0	97
0	90
0	1039
22	1119
7	1119
0	1147
0	89
0	55
2	80
754	48
2167	0
0	123
81	123
0	74
21	177
0	178
1919	0
1163	0
4474	0
429	0
40	0
6	0
3	0
54	2
12	1
3	0
21	164
71	0
25	297
164	307
15	293
0	311
17	0
10	11
6	13
1	8
1	2
0	55
16	54
0	37
0	30
0	48
1	14
1	2
2	24
1	24
0	22
130	0
293	0
7	0
6	10
7	14
3	11
49	0
0	14
0	10
0	22
0	16
7	0
6	5
1	0
48	65
5	0
42	0
10	0
236	0
18	0
25	4
3	14
157	0
57	3
8	0
34	0
26	192
24	16
237	0
210	0
122	17
20	0
5	0
82	11
87	2
1	0
0	0
204	0
23	959
2	1106
0	1125
0	1065
8	0
1	0
25	0
7	0
214	0
2	0
0	1
0	0
2	0
11	4
9	5
2	0
63	0
5	0
10	0
72	11
24	3
1	0
27	0
33	0
72	2
357	1
8	0
6	0
139	2
3	0
47	2
2	0
62	2
38	246
273	394
0	3
35	36
0	57
0	52
0	26
0	24
0	13
0	27
333	24
17	0
50	0
3	0
6	1
6	0
2	0
140	8
12	4
4	0
9	0
32	0
3	13
159	10
3	0
2	69
16	70
430	1
0	189
20	189
0	67
29	67
0	216
7	242
2	257
96	314
84	314
0	70
2	68
3	1
1026	0
0	44
24	44
7	0
5	504
0	340
6	522
2	441
0	399
73	29
374	0
0	291
0	292
0	292
0	291
0	294
0	272
0	274
0	276
0	273
0	274
0	273
0	67
0	0
1029	0
10	0
53	0
0	75
1	75
0	0
2	0
14	0
2	0
21	2
1	0
4	25
195	32
0	9
0	3
0	1
0	4
0	10
0	3
0	6
0	2
4	1
0	0
32	13
24	0
3	104
26	0
492	0
33	0
0	0
4	10
36	28
8	1
2	3
1	9
13	2
76	0
16	1
3	2
2	4
13	18
176	0
5	0
528	0
364	0
34	0
2	0
0	21
3	21
15	5
0	0
0	0
9	0
0	0
1	0
11	0
24	0
1	144
163	144
4	0
3	0
43	50
19	0
29	0
26	0
91	0
5	0
35	9
5	0
13	8
36	0
36	5
20	1
12	13
5	9
28	0
1	0
206	482
0	358
0	668
0	571
145	142
1	142
3014	1
80	0
0	686
33	883
0	908
27	1
29	0
85	2
235	1
34	828
117	828
1596	0
0	50
10	101
0	79
2	34
0	77
4	86
0	101
1	3
1951	300
0	340
0	346
0	152
0	54
5	152
8	16
52	19
13	104
3	22
6	55
2	76
0	82
13	79
7	62
316	0
2	434
587	434
81	1141
53	1141
183	17
13	17
44	0
0	390
46	419
0	629
0	258
333	0
4478	0
55	174
66	0
0	0
3	0
1052	13
244	1
6	12
32	16
95	124
41	18
46	2
1	0
18	0
7	11
7	0
0	377
19	0
8	0
25	1
30	1
109	0
0	677
196	677
0	333
94	289
0	289
658	253
69	253
424	45
148	0
9	0
50	0
299	0
675	0
5	25
0	40
59	2
8	3
4	14
1	0
268	0
17	0
28	0
21	0
25	13
2	167
15	0
35	0
38	1
455	49
64	4
43	2
8	0
303	0
0	29
9	29
96	0
477	0
16	0
8	0
361	0
1	0
23	0
77	0
248	0
5	0
2	10
40	41
0	41
4	2
1	0
165	0
2	3
0	2
3	9
12	2
8	9
38	2
75	0
9	461
0	461
59	0
8	0
7	0
70	0
23	0
0	42
13	42
48	0
0	17
8	20
0	20
398	0
2	0
1	268
0	303
146	303
0	256
50	306
0	306
505	0
1	309
0	309
7	328
1	328
21	328
0	323
376	0
1	206
14	206
10734	0
0	3
1	3
229	0
700	0
174	197
0	197
214	0
13	0
189	0
1	149
5	155
0	141
122	0
349	0
23	0
264	0
6	47
4	47
12	197
0	99
19	98
0	84
1088	1
255	0
74	0
0	66
0	66
1	90
143	90
525	0
150	322
0	322
221	0
79	0
7097	0
0	287
0	316
7	316
55	0
6	43
9	43
0	1190
0	1227
0	1272
20	1258
0	1260
0	1215
131	0
0	274
134	274
2350	0
0	27
14	27
0	84
0	57
56	84
20	0
114	0
50	269
0	262
0	269
270	0
14	154
22	154
2226	0
619	0
27	0
32	0
299	0
0	196
5	196
16	125
221	0
694	0
3	28
13	28
0	4
40	4
1325	0
0	168
58	168
0	139
286	0
619	2084
4	2084
2132	0
0	106
9	106
2	35
4	35
18	0
52	0
158	192
0	192
500	0
339	0
284	0
170	401
16	401
476	487
0	487
194	0
16	0
0	0
5	0
0	0
29	0
1595	0
37	0
44	0
11	0
0	115
6	115
0	286
61	286
540	0
12	14
4	14
6	0
40	0
436	0
25	0
2	0
3	0
7	0
3	1
0	70
13	70
1017	0
1	0
6	0
66	0
38	0
31	0
0	37
0	38
4	8
0	30
10	0
14	0
1	0
0	0
2	0
7	0
2	0
26	0
0	1
1	0
21	145
0	145
0	139
33	0
22	0
3	740
0	1113
6	373
3	0
261	0
223	0
114	438
656	438
1452	0
885	0
29	0
15	0
408	0
0	207
57	223
0	223
4	170
29	190
0	190
2147	0
333	0
656	0
0	307
34	307
103	0
0	0
5314	0
402	0
0	115
29	128
18	128
42	116
4	0
210	0
745	0
7	322
248	322
3575	0
262	0
103	404
0	404
1082	0
0	0
22	31
1941	3526
36	0
330	0
0	802
68	720
2	797
0	12
0	12
395	0
288	278
0	278
656	0
189	71
15	71
168	100
0	100
1432	0
475	0
166	0
39	0
0	29
63	29
264	0
9	328
40	328
26	0
9	0
0	85
0	76
2	87
1	87
132	937
33	0
402	0
166	77
0	77
0	538
121	538
49	139
5	139
88	204
9	204
5	0
317	0
0	145
34	145
60	255
0	54
7	309
212	0
610	0
20	298
348	298
30	218
0	195
0	218
0	67
0	109
8	99
156	0
33	0
77	0
182	0
151	0
0	206
2	206
566	0
275	0
248	0
1122	0
332	0
194	0
5	0
642	0
1	40
33	47
1	38
2	47
21	0
0	0
0	0
21	0
0	314
3	348
5	359
489	0
249	0
3	100
0	54
4	50
0	20
19	0
6	31
24	31
0	1242
0	1336
318	1336
62	0
0	135
39	0
23	511
152	0
51	0
19	0
8	351
788	351
34	0
0	16
0	17
0	17
25	39
0	39
1697	1
1105	0
11	0
0	401
0	446
46	446
169	300
0	236
50	300
17	0
7	3
0	3
3	0
2	0
0	0
19	0
21	0
40	0
120	0
63	10
153	0
1	82
2	93
0	120
103	31
5	31
1	31
94	2
12	2
5	0
0	36
0	39
9	40
3	40
0	48
0	29
0	29
1	48
0	48
261	0
392	0
81	0
0	53
44	53
0	23
23	23
0	289
3	289
1124	0
0	99
0	352
10	220
0	395
6	163
0	163
94	0
0	192
121	192
158	381
48	381
707	0
0	64
0	129
6	117
0	53
0	52
2	53
0	33
0	43
0	33
0	37
73	229
0	229
99	0
0	0
58	0
200	0
184	0
552	0
180	0
0	41
0	41
0	38
611	0
2483	0
0	552
10	552
57	0
0	0
10	1
15	1
29	0
0	12
7	12
0	11
0	12
0	10
0	10
29	0
11	0
307	0
4	825
14	375
172	1560
0	735
0	595
3	585
0	685
9	680
13	4
130	46
24	0
12	8
0	36
112	0
4	0
3	0
162	10
0	130
0	159
0	159
0	159
0	159
9	9
21	6
46	3
58	4
12	1
126	11
23	13
19	9
62	11
21	0
370	0
178	0
281	0
253	0
772	0
10	123
1	123
0	550
49	523
33	550
0	452
0	374
0	534
0	438
360	0
261	0
542	0
7	101
0	100
0	31
0	42
0	629
0	621
0	640
16	515
0	610
135	0
176	1
0	31
5	76
0	86
1	47
0	31
312	0
6	0
16	181
0	181
0	409
122	409
0	14
8	14
168	0
6	0
0	62
9	62
227	0
31	331
26	331
8	331
46	0
1258	0
282	0
0	42
4	0
31	0
25	0
1	0
2	2
15	4
8	28
2	95
0	0
170	3
0	0
0	0
8	0
8	0
29	0
6	0
29	0
2	2
0	2
37	0
24	0
88	0
12	0
7	265
3	131
0	275
0	246
102	3
68	29
35	11
0	32
0	32
15	7
2	0
3	7
0	39
3	17
53	0
32	3
15	7
67	6
365	0
21	0
47	0
54	0
99	0
13	0
207	0
569	0
15	0
12	12
278	39
96	0
84	0
332	20
16	8
0	0
3	14
6	27
1	0
98	25
16	0
5	25
115	20
93	0
5	0
0	54
16	0
25	0
47	66
135	3
70	6
8	5
0	14
22	0
46	0
0	145
0	221
72	220
56	0
15	0
134	10
0	0
31	0
152	0
9382	0
0	1471
0	1483
0	1640
0	1628
223	0
0	279
207	279
273	0
11	0
1309	1
8	7
1621	3844
84	0
355	103
200	10
30	0
25	0
251	0
530	0
62	3
78	12
171	0
0	1136
37	0
36	2
78	1
32	2
20	2
8	0
286	0
593	0
1485	3
5	0
23	9
48	21
0	21
2354	0
0	55
0	66
9	36
35	0
8	67
0	67
41	3
0	3
162	0
96	13
0	13
96	72
0	0
0	0
78	2
0	365
311	365
239	2141
173	0
19	0
13	0
9	0
0	0
2	0
21	0
19	8
3	7
118	40
119	0
2	6
1	6
6	0
0	5
10	5
30	0
14	90
0	90
49	0
136	0
41	0
4	0
72	0
177	0
161	881
0	1219
74	338
388	0
194	0
4	3049
3328	3050
0	84
495	84
1036	0
0	82
291	82
0	43
0	60
0	75
5	69
1119	473
0	473
0	85
54	85
0	142
61	110
0	127
0	144
145	0
0	25
0	17
145	25
274	0
238	0
465	0
463	1780
14	1780
755	26
702	55
313	0
0	65
70	65
6	23
4	0
224	487
0	344
24	143
291	0
4	40
0	113
14	113
1	0
4	0
1	0
4474	0
137	0
6	11
93	0
155	0
0	74
37	74
0	27
0	27
6	27
0	15
0	113
0	116
3	116
4	0
140	0
51	0
3	67
8	67
30	0
14	0
8	714
61	714
424	0
6	103
0	320
0	307
0	187
47	0
40	0
3	0
0	30
1	30
0	0
0	27
0	46
7	60
0	60
1	57
0	56
0	32
303	0
0	59
8	59
190	0
197	0
772	0
513	0
687	0
11	0
79	60
0	60
550	0
669	0
3	39
8	0
4	0
253	0
37	0
1	46
2	46
0	7
0	8
0	6
0	7
0	5
0	0
4	255
20	255
4	1682
2	324
0	322
7	2296
730	2326
117	0
656	0
727	0
78	0
0	1036
14	1168
0	1195
322	0
197	0
270	0
112	0
29	0
0	65
0	79
0	84
6	58
92	0
0	154
42	154
0	322
167	322
0	281
192	281
54	0
42	0
33	0
52	0
502	0
514	0
17	0
79	0
96	0
7	0
159	0
0	0
0	0
2	0
143	0
14	0
2	0
60	0
0	0
0	0
372	0
262	0
2	719
63	719
355	0
37	0
4	0
88	1
5	0
529	0
0	768
256	768
296	0
245	0
371	0
534	0
0	191
180	191
12	0
0	357
34	357
3	338
0	336
5	342
127	0
28	62
0	62
6	70
0	317
7	378
0	229
17	229
0	194
0	59
0	69
7	69
1	129
0	129
67	2343
366	2370
0	2370
42	2349
16	2358
0	1
8	1
35	0
15	8
0	8
4	303
0	102
0	102
0	101
7	0
0	0
87	0
6	1052
0	1094
0	1014
75	0
192	0
288	0
1091	0
109	0
9	0
12	0
9	1
35	3
0	101
0	126
0	6
2	105
0	79
0	28
60	130
0	130
1504	1
13	0
4	175
19	362
5	195
0	96
0	101
249	0
1	0
1487	0
4748	0
1	223
25	223
772	0
95	200
262	200
1617	0
392	0
79	8
34	106
0	12
27	150
0	150
26	0
15	0
15	13
66	0
6	0
0	21
0	23
1	23
0	23
601	62
0	62
6	19
76	76
0	160
23	160
2	160
15	319
20	319
4	4
221	0
0	73
1	75
0	75
139	0
169	0
171	0
609	0
80	0
24	677
1	223
0	454
0	357
8	315
3	112
91	923
203	0
3	389
68	389
235	0
7	66
45	66
0	64
921	0
613	0
369	0
607	0
173	0
756	0
81	91
0	91
167	0
0	13
1	13
0	135
73	135
94	0
697	0
7	0
295	0
140	196
1	196
2	0
0	78
13	78
0	40
0	24
0	0
0	99
0	84
61	99
344	0
1103	0
136	0
7	61
131	61
0	0
5	0
658	0
90	0
2981	0
45	0
64	0
74	0
110	0
0	198
8	198
600	0
35	211
0	211
284	421
0	421
166	0
146	0
963	0
1095	0
87	0
0	119
48	107
4	137
13	137
18	0
129	0
134	0
621	0
120	0
30	73
0	73
0	292
0	344
20	316
0	386
185	476
0	476
0	38
1	25
0	46
24	133
0	133
0	88
70	0
1	246
2	246
582	0
0	143
0	156
0	167
0	157
7	101
314	0
13	0
218	32
1	237
0	237
26	237
0	69
0	35
0	70
0	36
70	0
281	0
21	0
171	0
2	11
18	0
78	0
0	93
17	93
0	884
0	1031
66	908
0	769
0	795
0	648
0	23
1	23
312	25
283	25
769	0
81	0
9	65
7	65
0	398
45	398
12	40
0	40
921	0
0	97
0	211
2	184
277	0
233	0
127	0
191	0
0	856
376	856
1885	0
438	0
4	110
0	41
0	188
0	166
0	74
2	50
126	0
0	919
69	919
582	0
0	654
6	469
37	689
0	731
830	0
333	0
216	0
198	0
0	69
5	75
0	75
48	0
91	195
0	195
34	153
0	153
15	191
9	191
0	424
20	479
0	479
0	207
7	209
0	200
144	0
64	4
12	2
36	8
64	0
29	0
29	0
32	0
5	5
5	0
44	0
13	0
29	0
0	364
0	426
0	499
0	473
0	416
0	171
1	166
0	477
0	277
0	231
47	231
343	0
34	604
33	604
43	0
343	0
490	0
185	0
135	0
644	0
239	0
291	0
20	0
17	5
41	19
24	0
40	3
0	6
9	6
16	5
2	0
38	49
2	20
6	12
1	2
1	5
31	5
14	30
436	0
395	0
7	20
22	6
0	133
1	0
0	0
2	0
39	10
51	209
236	497
0	213
92	284
23	0
15	13
4	4
10	9
128	1
1	0
48	36
35	40
24	38
16	0
379	0
280	0
0	175
103	175
0	100
28	7
6	0
18	11
10	48
60	4
2	14
5	0
59	5
14	0
2	0
16	0
169	49
163	0
18	0
58	57
23	0
63	51
19	1
36	0
0	0
2	0
6	0
5	0
2	0
1	12
3	2
63	19
86	0
66	0
10	0
83	0
882	1305
36	15
78	10
13	16
3	0
0	2
1	3
1	2
5	31
0	9
312	0
7	7
0	5
147	20
0	1
9	37
6	1
5	0
350	0
20	30
0	118
9	64
53	0
2628	0
718	0
0	70
1	70
17	142
0	142
52	0
7	19
0	8
142	0
175	0
11	23
0	12
4703508	372
36	0
1282	0
153	1
60	32
0	100
0	108
1	108
34	4
9	1
23	6
27	0
22	8
8	2
9	0
6	14
3	26
0	24
13	24
3	0
16	0
0	31
0	177
0	157
1385	118
15	0
25	0
15	0
72	4
40	48
6	0
1	1
23	88
0	166
517	13
195	0
18	0
20	20
47	0
18	149
10	149
84	0
26	14
253	0
333	0
35	0
2	0
7	0
0	1
2	0
24	1
19	0
8	0
11	0
0	328
39	328
69	327
71	0
9	7
36	961
101	0
9	9
0	9
178	0
235	0
92	0
0	168
16	168
893	0
2815	0
308	0
0	231
0	35
25	307
0	307
98	0
346	0
1	160
0	160
0	165
11	165
0	166
0	166
0	149
192	0
170	0
9	0
503	0
26	0
68	0
50	2
4	3
0	87
35	74
37	0
133	0
49	0
46	0
140	0
5	20
28	7
71	20
19	1
19	0
24	0
0	41
0	371
2	10
4	28
139	357
1	357
45	0
4	3
323	0
6	0
347	0
0	42
23	42
571	0
1	29
0	29
435	0
28	17
3	17
0	281
0	274
54	281
318	0
364	832
0	832
74	0
28	921
117	921
690	0
0	332
1	44
19	236
9	96
1	81
53	288
0	288
205	0
0	167
43	167
0	378
111	403
42	403
1	403
803	0
194	24
17	34
2	109
24	1
63	0
92	0
142	0
6	187
289	187
165	3
167	0
178	0
4	25
0	47
1	50
0	46
27	95
0	47
1	72
5	0
0	1
23	7
2	13
223	0
6	0
17	3
1	2
4	4
0	14
0	18
0	18
0	13
0	5
0	557
7	625
0	750
2	383
0	610
2	611
0	28
0	26
0	28
6	26
0	26
269	1377
3851	1377
14	185
0	185
1	1547
302	1547
4029	0
846	0
0	602
0	580
0	308
1	310
557	0
31	161
46	161
315	0
2341	769
0	769
0	273
0	276
0	256
0	255
0	258
0	234
321	0
2308	0
0	227
0	230
1	211
0	30
22	30
90	0
86	0
10	642
0	484
0	679
11	476
0	476
2	268
0	864
49	650
1	868
6	52
12	57
0	57
7	0
18	0
270	0
0	0
0	32
0	27
0	24
0	35
0	27
0	36
0	28
0	41
0	35
4	74
2	31
192	1769
7	1769
616	0
164	0
23	3
672	0
0	265
0	79
114	265
3895	0
0	11
6	11
0	6
4	0
27	0
8	175
1	107
6	209
10	209
11	100
1068	0
728	0
493	0
344	0
34	0
119	0
60	0
4	79
0	79
2	73
0	180
0	268
53	263
2	108
325	631
19	631
0	604
0	597
0	538
0	5
3	5
0	5
127	0
174	0
632	0
10	417
121	417
37	42
0	72
0	43
3	62
10	73
0	86
15	0
3	0
4	0
32	0
520	788
0	788
17	0
0	164
54	164
134	0
0	59
4	59
0	38
0	87
8	84
26	0
58	0
0	477
0	472
0	431
0	426
0	222
82	222
442	0
442	0
86	0
920	0
64	0
0	559
1562	455
0	400
326	0
9	368
0	347
0	393
0	382
0	422
258	0
0	458
0	1116
0	701
1	492
20	1581
0	688
52	492
406	0
16	0
221	0
1	237
0	254
0	203
51	0
0	98
0	98
0	117
0	89
0	8
1	9
2	6
725	0
483	0
518	0
524	0
0	431
0	599
63	564
0	463
40	0
94	0
183	0
76	0
28	0
9	5
214	71
7	22
0	18
0	11
213	10
0	21
0	22
0	25
0	22
0	25
0	25
0	25
3	6
0	19
53	0
31	0
0	27
4	33
0	22
0	33
3	0
75	11
9	0
105	0
11	4
0	2
11	6
586	0
28	0
0	0
22	11
30	0
9	0
46	0
5	19
35	0
34	46
41	12
2	0
5	0
32	1
3	7
1	5
9	15
0	0
14	29
1	1
485	0
789	0
9	257
0	257
0	136
0	124
2	136
0	125
0	41
394	41
112	1
12	10
4	8
3	4
6	45
18	20
12	87
25	136
6	14
758	46
0	171
93	171
22	15
0	15
17	456
1	0
1	22
24	15
9	157
26	6
28	3
13	6
8	2
3	0
3	5
26	1
2	2
22	19
0	1
32	89
5	1
2	0
30	0
6	4
11	4
122	0
11	10
77	0
16	16
31	0
19	0
28	29
8	20
1	0
2	0
43	1
18	8
106	63
12	5
2	10
9	0
2	1
187	6
6	0
22	8
155	0
266	0
496	0
6	0
21	0
0	29
0	29
0	29
33	0
2	136
96	136
1	565
30	565
62	0
371	0
62	0
0	7
0	7
14	71
66	0
651	0
45	0
79	303
0	443
1	448
0	448
20	789
0	789
311	0
172	0
59	0
12	0
94	0
0	51
2	51
0	50
0	0
4	21
9	21
25	6
0	6
449	0
0	779
0	600
0	525
0	704
0	1732
0	1478
0	1657
0	1297
0	195
0	396
45	423
89	463
143	377
0	377
0	27
0	31
0	34
7	4
13	0
72	0
13	3
200	0
5	0
44	0
0	36
0	71
4	0
20	2
88	3
280	74
43	492
0	232
22	306
54	499
1	491
28	4
6	5
20	7
14	51
2	172
7	143
3	148
1	338
27	2
4	1
19	2
9	20
42	15
72	0
2	2
0	0
2	0
552	9
7	2
13	0
52	16
6	0
51	0
5	8
35	0
0	0
0	2
5	0
91	40
13	0
5	0
21	20
12	9
108	0
24	0
38	7
203	0
419	0
4	0
187	0
34	2
20	5
1	0
98	0
7	0
69	1
108	0
7	0
7	10
5	10
0	9
35	0
22	0
4	0
20	0
10	0
101	0
1396	83
9	30
1	53
383	0
32	0
593	0
4	279
0	279
0	341
0	358
0	325
75	1281
0	1281
90	2
2	0
14	0
36	0
207	54
75	85
0	85
269	0
4	0
1	0
12	1
0	0
68	0
0	203
4	229
0	224
2	233
93	0
66	0
92	0
39	3
4	0
1	0
0	0
2	98
245	31
119	2
489	0
1	0
4	0
1223	0
0	485
19	485
0	133
16	133
0	58
0	0
18	0
35	0
298	0
115	0
74	0
39	0
535	0
0	135
316	138
4	139
0	139
3	0
278	0
1	65
0	65
106	0
246	24
0	24
297	0
584	0
10	0
93	2
96	0
15	0
18	0
17	0
88	0
24	0
32	0
95	0
88	0
92	0
211	0
156	0
77	0
158	0
41	0
94	0
50	0
32	1
104	1
51	0
49	0
72	0
7	0
15	0
19	0
0	181
27	265
0	265
154	0
305	89
0	89
31	0
51	0
131	0
474	0
417	0
3037	0
212	0
1	0
6	9
5	0
189	389
0	78
3	78
21	0
4	162
5	162
60	0
275	7
3	5
104	0
0	2141
11	2141
76	5300
82	5300
50	0
0	131
76	131
0	130
1	104
0	135
25	0
17	1
20	0
2	8
265	0
0	1
0	1
1	1
3	12
0	34
0	46
1	15
249	0
9119	0
0	297
0	160
1	215
0	366
4614	390
14	390
365	0
0	232
373	232
367	0
0	301
0	291
0	327
2	241
0	184
18	184
80	0
9	44
318	44
21	2239
0	2350
0	2227
2	135
0	135
2	175
0	225
74	225
184	16
50	316
49	316
6	91
14	91
0	297
3	390
353	359
0	427
0	404
0	320
0	370
0	354
54	8
0	223
19	223
2	0
143	0
163	0
41	0
977	0
1251	0
18	0
11	0
408	0
79	0
52	0
0	322
395	322
0	619
105	619
171	0
0	4
9	4
0	4
0	4
61	13
261	0
125	0
88	15
35	15
143	0
2	0
145	265
1	265
0	330
5	330
2872	0
466	0
220	0
154	0
118	0
15	0
123	0
0	204
84	204
337	0
204	0
272	0
0	46
370	59
53	0
401	0
40	127
0	127
256	0
77	0
0	42
4	42
2652	0
0	435
326	435
16	0
395	32
27	1
89	6
29	6
30	3
83	12
9	0
22	15
18	0
1	4
260	4
20	102
0	102
862	0
758	0
0	367
6	375
43	372
15	375
0	0
722	1
152	0
13	0
5	886
338	886
376	0
370	0
468	0
23	0
8	46
0	46
17	0
9	74
137	74
10	105
1	97
0	105
59	0
0	75
1	75
0	26
0	55
0	38
529	0
0	327
69	327
125	0
265	32
66	275
10	275
0	362
0	366
2	399
362	0
1137	0
1	61
0	61
201	0
5649	0
26	3
493	0
357	0
358	1
13	0
0	178
17	178
17	0
0	4
3	4
1	772
0	773
0	770
400	0
366	64
1343	3602
29	3602
0	400
0	405
0	405
59	399
0	393
428	0
595	0
6	209
184	209
274	0
122	0
0	246
447	246
27	286
13	286
419	0
19	0
2	0
12	37
0	0
0	1
2	1
50	0
128	64
265	0
5	24
0	24
84	24
32	0
8	0
24	0
222	0
1077	1
13	0
54	0
0	0
42	0
666	0
1	137
4	137
0	137
364	0
27	43
86	113
19	0
1	0
24	4
5	3
0	0
0	0
75	0
47	0
32	0
43	0
7	0
20	3
18	7
3	0
15	0
126	19
46	0
10	6
96	300
0	300
27	1
529	1
7	52
62	0
0	6
45	0
3	0
75	0
4	23
75	11
19	0
40	47
29	0
2	9
0	23
0	14
18	0
241	0
2	0
6	1
0	3
87	2
0	1
24	6
83	3
33	0
0	298
2	0
64	1
55	19
6	0
4	15
127	5
47	0
220	127
2	127
233	0
0	269
0	728
0	146
3	676
34	170
85	0
398	7
3	0
15	19
2	19
220	0
12	0
29	0
2	1
22	0
12	0
1	2
22	0
96	0
2	0
1	0
35	0
44	14
14	0
6	0
59	0
13	0
160	0
177	5
13	48
10	21
27	28
0	4
0	0
10	2
5	1
214	1
65	384
165	0
26	647
0	357
33	33
81	56
23	28
12	158
0	80
12	78
11	20
11	11
13	68
3	0
353	0
11	1
12	0
8	0
36	0
50	0
452	2
1	0
306	296
1	0
2	0
55	0
374	3
23	5
196	0
5	523
182	326
181	523
5	522
13	400
216	0
281	0
67	0
217	2
465	0
3739	53
4	203
15	203
0	186
0	152
9	173
0	175
787	0
4	2
4	2
45	287
61	287
111	0
0	0
0	136
295	136
45	0
36	0
40	0
1556	514
0	514
25	0
166	0
117	1
107	0
2	54
2	0
6	0
0	6
63	0
5	10
0	10
79	0
16	33
34	0
23	0
35	0
34	1
39	0
1	0
25	3
24	0
1	54
2	0
34	0
40	931
366	931
12	13
0	13
531	0
0	367
10	367
7	367
126	430
0	430
0	92
218	92
368	0
26	18
0	18
0	92
0	82
0	75
43	0
177	0
50	0
16	7
0	331
118	331
508	0
0	170
70	170
0	261
14	261
0	123
2	569
3	569
0	141
0	21
8	97
0	80
0	99
0	114
0	136
0	176
71	207
0	207
55	0
0	175
438	175
0	353
7	353
0	918
1	918
121	0
508	0
120	177
0	192
2	15
194	9
1	9
47	41
0	41
114	176
0	169
6	176
19	129
0	129
0	285
0	147
0	299
0	297
0	145
20	36
0	36
468	0
501	0
2008	0
243	18
5261	0
5	460
197	460
30	460
272	0
301	0
48	397
1	397
1048	0
361	0
0	148
5	115
0	167
2	0
253	0
8	107
26	107
0	517
2	420
0	548
0	401
4	388
14	401
94	0
0	182
0	178
0	172
5	182
35	0
0	519
962	519
2	321
92	321
0	294
40	363
0	363
3422	0
0	363
0	361
0	371
17	372
0	373
337	0
0	1501
255	1501
178	0
1574	0
475	0
8	1138
704	1138
45	124
1	125
646	40
441	0
0	91
42	98
0	115
210	0
0	183
23	183
0	333
0	301
0	305
458	0
247	0
62	0
9	0
0	46
19	56
0	31
11	56
1	13
4	13
2	0
8	0
20	0
145	0
12	0
20	0
10	52
0	52
0	428
508	428
282	0
46	161
0	109
0	234
167	234
255	24
1616	0
18	113
0	113
20	0
8	495
234	495
511	0
87	0
0	230
0	98
0	253
0	215
1	128
0	117
0	112
172	0
21	0
71	0
196	0
398	0
0	139
1	147
0	123
0	147
0	924
0	862
37	924
0	896
0	824
30	0
56	0
40	0
2	0
168	0
407	0
69	0
8	148
0	171
12	171
90	119
1	119
0	32
16	32
3	0
43	0
0	125
0	98
16	379
111	242
0	137
333	0
86	0
0	0
57	0
0	220
105	220
2	50
1	27
0	23
1	0
224	0
0	18
8	21
1	21
285	0
30	0
0	172
12	863
5	148
120	688
24	614
0	115
0	119
31	126
0	126
37	0
0	14
34	0
0	44
0	39
0	46
10	46
32	0
13	0
175	0
21	400
224	400
506	0
105	0
1	315
82	315
753	0
4	0
23	0
10	411
34	411
357	0
20	0
4	0
0	1173
152	1173
133	194
0	194
407	0
512	0
0	237
31	249
0	249
40	0
0	214
5	206
8	212
0	22
14	2
17	0
1	0
0	0
3	1
14	0
3	0
1	0
5	0
6	156
17	0
12	101
39	0
545	0
4	77
0	82
9	86
5	86
340	0
3	32
7	22
0	22
3	26
0	40
0	24
147	67
13	0
19	5
17	8
33	0
32	410
27	6
49	0
99	0
120	0
157	0
45	126
68	126
488	0
24	928
3	93
144	93
0	202
79	225
0	225
11	26
10	43
25	43
1157	0
0	12
152	12
5	0
28	0
81	0
331	1
74	58
0	58
678	0
131	0
675	352
1	352
2	86
290	0
1220	0
0	151
1	81
0	262
6	231
6	697
0	762
0	253
248	0
62	0
31	0
0	0
112	12
457	0
108	0
49	0
194	0
1	0
0	0
0	0
17	0
0	0
0	0
8	0
39	0
2	6
82	11
16	1
18	0
57	431
111	0
58	0
107	0
14	28
183	114
19	114
9	11
3	151
416	151
0	150
25	0
185	0
264	0
262	0
138	2
10	0
0	22
9	0
3	126
174	0
693	0
28	80
0	80
65	0
128	0
0	91
0	91
0	91
0	91
23	0
0	388
76	388
6	125
13	0
32	0
21	0
76	0
16	0
13	0
17	0
232	0
0	41
8	41
0	0
2	0
13	0
23	154
0	156
0	53
1	103
8	0
11	17
16	17
114	0
14	0
4	0
32	0
0	13
9	51
0	51
8	51
0	0
0	5
1	5
0	5
0	5
0	67
147	68
25	117
0	117
0	108
1	7
0	7
0	7
45	0
10	0
12	0
65	0
1	33
0	33
99	64
9	0
341	0
76	0
150	1239
0	1239
0	72
7	72
3108	0
0	338
10	342
0	4
0	329
0	306
84	329
258	0
0	106
1	106
835	0
576	0
5704	0
158	0
8	0
8	0
3	0
84	0
82	12
155	0
4	0
206	6
204	6
128	0
169	0
0	86
2	86
1211	0
386	0
105	0
11	0
28	0
105	0
4	0
26	0
7	30
0	17
0	30
0	0
41	0
163	0
3	0
17	0
0	507
0	471
8	507
0	0
0	0
73	0
217	0
9	0
84	114
1	114
125	0
12	0
778	0
23	0
0	34
24	34
3534	0
939	0
0	80
77	80
1	0
1	0
1	0
41	0
5	428
151	428
36	244
65	244
124	1178
6	1125
5	961
12	135
12	135
142	0
34	0
294	251
86	251
0	418
0	306
0	368
3	150
1475	0
991	0
18	397
11	397
459	0
3	631
0	652
0	688
0	680
0	644
145	0
507	0
0	169
21	169
56	0
0	0
175	11
283	0
3	0
7	0
13	2
2	24
1	2
1	0
8	26
0	26
13	14
0	14
5	27
0	27
1456	771
15	0
38	0
32	0
3	1
1	245
0	38
39	233
3	15
49	82
1	0
261	557
2	0
537	0
32	0
1	12
0	78
0	80
457	0
18	0
5	0
4	14
201	0
16	0
12	0
64	213
47	47
2	45
2	19
0	2
7	11
8	0
8	1
1	0
3	83
91	0
292	0
0	346
48	346
5	0
15	0
5	45
0	45
4	0
91	0
358	0
16	42
0	42
0	0
233	0
1	34
0	60
0	67
111	58
68	0
10	0
176	0
7	0
1	0
9	0
0	0
7	0
80	0
927	1662
134	0
0	23
17	10
115	9
8	1
16	3
2	4
209	188
21	1
32	0
11	0
417	22
25	0
0	116
0	189
0	125
0	66
0	48
0	32
7	1
32	1
24	0
5	10
22	5
27	0
78	0
0	50
17	187
69	361
19	3
3	0
17	11
12	15
54	0
11	21
22	404
0	359
0	44
83	5
14	0
3	0
13	0
2	0
37	51
0	0
0	321
7	324
0	324
376	292
44	292
46	0
72	0
511	3
8	1
23	20
67	2
15	0
13	0
3	18
4	0
76	0
18	91
32	91
15	3
0	3
470	0
0	43
59	54
0	54
472	0
13	0
1	0
0	438
0	113
8	521
35	7
69	37
134	0
0	37
1	37
28	32
0	32
156	0
0	921
3	695
14	893
0	929
20	86
0	86
472	0
42	378
0	378
3838	0
9	0
13	0
19	0
17	0
0	174
0	152
55	249
0	174
21	75
19	0
0	109
7	109
16	0
0	187
7	189
9	189
65	0
89	0
0	0
1	0
6	194
0	176
0	194
0	194
81	0
54	79
0	79
45	0
451	0
212	0
47	0
131	0
614	0
0	36
27	0
50	0
92	0
42	0
296	0
1098	1
4	28
2	28
159	0
48	0
27	0
80	0
0	108
0	83
0	104
858	0
187	0
700	0
53	0
0	0
10	0
35	0
0	0
1	0
6	1
15	0
14	0
15	0
3	0
21	0
2	0
376	0
218	23
0	132
683	132
135	0
23	127
70	127
0	281
2	268
0	257
3	97
1190	0
288	0
332	1
66	0
143	0
3	123
19	123
409	461
10	461
422	0
466	0
162	0
1	75
24	125
13	125
0	89
64	0
10	0
20	0
154	0
0	0
23	0
7	0
24	0
0	0
3	6
9	23
13	0
0	0
2	0
812	543
66	2
68	30
1282	13
0	265
104	355
0	355
988	0
8	0
193	381
3	381
44	0
556	0
541	0
293	0
286	13
65	0
51	0
0	117
198	117
14	254
152	254
4	0
13	756
381	756
199	1
78	0
0	125
1	117
66	135
12	332
0	332
210	0
589	0
251	0
271	567
0	567
7	215
0	215
1222	0
33	399
7	399
196	0
24	801
1	1088
253	1088
531	0
145	0
6	24
4	53
80	54
285	1
67	0
730	0
304	0
387	0
163	0
39	142
0	142
0	54
6	54
8	39
0	39
32	88
0	88
628	0
0	41
390	41
827	0
133	0
68	0
26	177
0	177
6	106
27	0
0	10
73	10
260	0
1223	0
172	0
48	76
0	76
449	0
17	0
0	275
0	286
0	282
0	295
0	283
0	288
2	119
0	105
65	108
211	0
142	0
309	0
0	85
2	86
0	86
887	0
534	0
18	0
124	0
27	6
2	0
69	38
420	1
1003	0
107	9
139	0
78	0
0	7
0	3
0	7
0	28
0	11
0	21
2	305
60	305
16	52
147	0
3046	1
772	0
4470	0
180	0
0	45
61	45
105	615
0	379
0	615
1186	0
0	287
7	358
0	358
259	0
0	185
20	185
0	176
192	0
0	294
0	320
41	320
49	191
0	191
0	26
0	13
0	40
0	35
6	40
231	0
74	0
289	0
99	0
232	0
537	0
73	133
0	133
14	0
0	38
4	38
25	0
68	0
30	0
23	0
9	5
73	0
1609	0
0	127
5	127
15	0
26	0
0	41
33	41
50	0
0	193
31	193
44	0
60	0
236	309
0	309
105	0
0	159
128	159
0	1972
557	1972
340	0
8	34
0	34
158	360
0	360
1817	0
1	132
24	132
84	0
28	0
0	176
0	38
28	176
72	0
407	63
0	63
2413	0
0	144
108	144
13	0
14	0
0	0
8	0
191	0
308	0
239	0
0	1196
0	1312
0	1369
1	1253
57	0
0	103
78	127
0	127
46	0
0	0
0	110
0	166
0	16
0	90
0	160
2	77
0	182
0	94
0	290
52	290
0	119
164	119
216	931
0	931
10	163
46	163
19	0
87	0
11	6
20	0
68	0
0	0
3	9
1	18
0	0
31	0
55	2
27	1
0	0
277	124
240	0
268	0
487	0
10	0
54	202
0	87
29	202
691	0
91	0
836	0
20	191
3	191
0	13
7	23
6	23
276	0
3	0
13	0
33	0
4	0
79	7
3	0
24	0
22	0
6	0
0	247
31	247
159	0
0	4
5	4
18	0
10	0
41	0
22	0
0	6
19	7
5	0
97	0
0	3
0	3
0	3
0	0
43	0
62	0
30	0
0	0
361	0
32	790
5	120
26	120
0	120
284	0
1	4676
735	4676
36	1394
134	1427
0	1457
61	950
554	0
0	93
111	93
65	1086
0	0
95	0
6	8
0	8
6	0
35	0
0	28
85	28
26	199
5	20
4	179
0	0
171	0
39	0
15	0
7	0
121	0
26	0
23	0
57	0
19	22
0	22
53	0
0	153
0	65
0	196
370	196
39	0
75	0
42	0
0	18
17	25
0	25
267	0
5	0
190	0
30	275
1	275
3	131
0	126
0	138
4	208
20	208
0	121
52	121
215	0
48	0
4	0
16	0
23	62
0	62
7	0
37	0
3	0
2	0
58	0
459	0
445	0
14	0
0	176
0	203
10	162
0	8
0	8
97	102
0	102
1186	0
153	0
459	0
25	3
0	1459
0	1458
40	1477
0	1488
0	1487
31	1248
18	1264
184	0
1	41
0	41
0	39
237	0
643	0
139	0
177	0
56	0
30	0
77	0
21	0
59	0
0	265
2	101
25	265
695	0
689	0
7	381
0	550
0	623
33	599
6	191
0	205
1	183
3	0
18	0
5	0
0	0
36	0
34	968
241	0
345	0
19	0
313	1
6	720
251	720
441	0
0	335
118	335
463	0
1	135
10	135
5	66
13	66
0	764
0	568
0	764
0	761
0	540
0	985
275	0
1361	0
50	0
34	0
1865	2599
1	258
73	258
110	0
0	130
67	130
324	0
420	126
0	126
35	0
121	0
0	32
9	32
3	0
0	152
0	153
0	171
0	134
0	22
4	22
7	0
229	0
352	0
105	0
378	0
104	0
0	170
30	183
0	183
7	0
12	0
0	47
7	47
466	0
23	0
165	0
7	0
116	0
7	0
1	0
14	0
134	595
0	128
5	154
0	157
0	152
0	160
0	123
0	128
0	131
53	0
175	0
133	0
238	0
0	434
2	447
21	447
0	432
155	1
9	188
1075	0
0	208
28	177
4	201
0	216
1164	0
329	0
0	207
14	207
0	46
238	0
1098	0
0	22
47	22
0	11
8	9
52	0
134	14
10	0
479	0
261	0
434	0
265	0
33	308
0	308
0	286
8	0
258	0
175	0
9	16
6	16
173	0
360	0
6	33
0	33
0	29
362	0
514	0
0	27
0	100
0	138
6	123
96	0
297	0
56	0
144	0
6	10
0	62
0	86
0	84
319	0
8	358
598	358
0	336
10	443
38	443
0	88
46	1510
0	1513
2	1209
0	168
2	168
0	131
0	166
0	109
20	125
0	125
48	1708
468	1708
222	0
42	0
95	129
0	129
370	0
0	126
25	126
0	128
0	71
3	151
2	151
270	0
987	0
337	0
0	391
0	355
124	389
0	71
0	7
0	110
0	68
1	147
167	0
179	0
74	409
13	409
0	403
15	73
1	73
194	0
0	392
455	392
275	0
0	147
2	147
0	104
138	0
14	0
0	29
0	74
0	74
6747	0
588	0
1	424
9	392
0	407
0	425
0	442
1	191
10	0
4	1
1	0
1	34
14	34
7273	0
3	0
33	61
20	0
1	137
0	42
0	137
0	213
29	213
192	0
1	127
0	249
0	452
0	457
10	452
0	179
0	227
0	232
0	229
5	0
21	0
138	0
0	17
1	17
0	10
53	0
13	0
4	38
1	20
29	38
13	49
0	265
0	233
5	273
3	292
27	233
0	230
1	0
10	0
4	0
12	0
13	0
9	0
31	0
125	0
28	0
12	0
663	0
61	0
8	139
26	139
3	14
33	14
543	0
62	0
11	16
2	0
16	118
18	0
4	776
0	43
0	82
0	68
0	72
0	58
0	53
0	67
0	57
69	0
0	98
18	98
0	46
8	0
5	3
33	0
27	1
2	0
54	0
8	0
66	0
60	0
25	0
2	207
2	206
0	207
0	20
24	20
6	283
15	283
57	10
67	79
553	0
19	0
0	629
0	529
376	629
0	506
45	0
0	88
2	261
9	282
2	323
70	0
557	474
0	537
21	507
325	0
0	44
7	42
0	30
0	81
0	10
6	81
0	2
14	0
1	0
4	0
2	0
454	7
8	151
28	148
2	138
3	138
0	35
0	39
24	116
0	116
5	0
21	0
40	30
9	0
2	0
2	1
2	0
4	1
7	0
23	0
191	0
8	1
20	1
30	0
7	0
33	0
15	0
81	0
7	0
10	0
5	0
1	0
7	0
17	0
62	0
10	0
15	0
61	0
5	0
6	0
26	0
34	0
37	0
69	0
7	0
3	0
2	10
2	10
118	0
372	0
18	0
47	0
0	1
62	1
33	0
340	0
0	489
0	451
8	481
0	481
1	491
282	0
2	133
1	133
107	0
2	0
5	0
17	0
24	0
12	0
217	0
182	0
2044	0
38	0
8	0
0	39
6	0
231	0
525	0
11	0
303	0
50	0
0	199
0	201
23	201
67	0
169	0
21	186
17	198
14	200
1	25
171	0
1	78
24	79
0	79
0	479
0	494
58	352
948	0
0	20
0	31
0	12
28806	1
1688	0
3	0
3	0
291	0
0	90
0	96
126	96
55	0
22	0
1	0
7	0
10	23
0	34
0	28
0	30
0	28
25	128
0	61
3	57
10	3
11	1
8	0
13	0
38	0
47	0
26	0
7	0
188	0
28	0
0	10
5	10
356	137
0	137
6	0
0	19
0	19
21	0
225	412
3	0
3	0
23	8
203	0
2	0
10	0
4	0
1	0
13	0
0	0
127	0
339	0
14	0
2	0
0	0
172	0
44	1129
0	1142
9	1134
63	1132
325	0
113	0
236	0
6	37
0	111
0	229
4	125
0	122
28	125
36	104
459	0
7	0
1	0
27	0
0	0
27	0
71	388
20	388
0	324
18	0
0	410
191	0
139	0
6	307
0	167
0	147
12	0
28	0
2	77
12	77
262	0
941	0
0	90
12	150
524	240
6	224
60	197
0	27
0	7
4	0
8	0
22	0
28	0
9	0
8	0
35	0
78	2
6	1
71	13
8	1048
648	1048
9	312
0	312
0	302
71	0
935	0
411	0
149	0
127	0
19	407
55	407
533	0
0	1052
0	509
1393	1052
444	0
4172	0
0	436
42	436
444	0
359	0
1	0
0	0
298	0
7	68
3	68
0	56
0	272
318	272
0	334
12	137
6	327
0	311
0	6
919	6
80	285
2	285
43	1468
0	1468
82	0
0	39
20	39
0	16
5	16
13	0
1	0
2	4
28	61
83	0
50	0
1071	0
5	0
0	447
0	431
0	368
0	384
288	0
1110	0
302	0
864	0
15	0
7	0
104	0
15	0
734	0
5	0
27	1
50	2
5	4
65	0
82	0
2	0
1193	0
109	0
23	0
0	31
0	43
3	31
15	0
0	0
0	0
0	0
1	26
1795	0
180	328
0	328
242	0
40	43
0	43
106	0
849	31
2015	0
14	0
24	0
7	0
49	0
90	0
55	0
0	38
102	1
9	2
0	182
0	263
0	209
0	210
55	253
0	211
223	0
0	20
0	10
0	22
34	0
1	1060
9	1013
0	1124
502	0
8	190
0	247
0	194
0	210
579	210
0	23
0	8
0	10
0	26
0	32
3	26
0	24
0	246
0	258
7	254
52	0
0	17
1	27
2	28
90	0
0	109
13	109
0	106
27	106
542	0
108	0
39	0
0	32
0	33
0	34
361	0
5	0
176	0
16	0
228	0
20	0
0	348
196	348
0	62
1	62
0	0
85	68
0	68
163	0
0	50
166	50
10	106
4	202
0	340
0	452
13	355
0	275
1	732
13	798
0	680
344	0
192	144
0	144
0	7
4	7
494	0
462	0
47	0
26	0
44	0
21	0
4	131
5	155
20	0
9	0
20	0
66	0
3332	1
1	105
0	127
0	85
265	0
0	220
1053	220
70	0
110	0
356	0
14	86
63	5
1	0
13	9
2	9
1	9
84	0
83	9
65	2
46	0
229	0
441	0
151	57
3	57
2775	0
0	0
0	640
13	649
0	636
33	649
178	0
302	0
241	0
0	375
0	365
41	358
0	362
0	372
0	357
971	0
66	1
61	0
365	1
46	0
49	0
1150	0
438	0
1010	0
90	0
464	0
0	198
352	198
3	29
173	29
46	0
315	0
20	0
1	64
22	64
1025	0
0	573
97	573
7	0
0	1002
0	985
0	1056
0	1039
0	110
0	140
17	140
900	0
233	0
0	518
15	518
815	0
0	137
46	137
50	1
0	66
0	47
0	63
298	0
35	0
215	0
180	0
0	21
12	22
0	11
0	6
8	56
3	54
0	57
3	20
8	20
32	490
38	490
47	1
15	230
0	229
49	224
4	117
46	224
181	0
547	0
0	205
0	255
43	255
359	0
10	51
0	51
5	104
10	104
10	329
34	329
25	467
27	467
793	0
267	1231
0	217
0	185
7	217
4	17
0	17
9	0
322	192
0	192
0	192
0	178
0	169
0	181
4118	0
7	248
546	248
546	0
0	52
42	52
4098	0
35	27
0	14
0	7
404	0
3	201
6	202
6	202
1	200
21	799
147	799
0	229
6	216
12	167
296	0
8	258
0	258
0	303
32	310
4	280
16	555
0	555
3	485
3	0
13	2
2	1
3	0
7	1
40	11
40	9
11	1
10	9
3	1
89	0
0	5
32	6
3	1
52	3
69	35
57	36
41	0
14	0
20	0
21	0
45	3
6	2
94	0
18	1
82	0
51	0
46	0
37	0
0	5
0	4
8	5
31	0
176	0
559	0
42	0
5	0
8	49
9	1
12	0
465	0
5	108
6	94
27	106
0	108
1	80
105	0
4	43
402	43
30	85
0	75
0	85
194	0
345	0
13	0
25	0
531	0
0	342
553	342
107	0
86	469
35	469
556	0
336	0
188	0
101	76
0	76
748	0
8	58
89	58
0	311
126	311
0	17
0	47
0	9
0	56
0	7
10	874
0	874
645	0
0	264
0	253
21	264
94	0
46	0
0	520
13	142
220	662
278	0
0	9
4	9
0	9
12	0
1	26
0	506
5	553
0	562
5083	0
1576	0
0	128
21	128
993	0
38	0
8978	0
240	0
0	438
59	438
156	0
106	0
2	304
35	304
1	304
0	289
113	0
17	126
0	126
2	39
0	39
691	0
8	34
2	34
134	0
165	0
250	0
3	30
34	30
239	0
158	0
0	250
219	250
0	370
21	370
0	235
0	352
1	41
0	256
0	323
0	122
0	331
0	38
26	202
34	148
0	129
0	54
367	0
482	0
9	978
36	978
110	0
168	0
0	132
2	132
523	0
365	0
748	0
1485	0
234	0
2325	0
351	0
0	744
0	56
69	694
2	32
1	652
29	0
36	0
0	160
5	113
0	160
29	160
179	0
0	66
3	49
158	68
0	58
7	66
3	0
31	0
18	94
6	94
10	0
0	46
7	46
0	46
7	95
40	95
6	176
141	176
77	27
1	27
170	0
11	0
0	49
3	49
122	31
223	0
0	357
48	357
222	0
28	0
3	1
47	0
133	0
169	0
6	0
187	0
59	0
0	198
0	232
17	58
0	114
0	209
0	203
10	41
25	41
5404	0
6660	0
94	0
0	48
7	48
1121	0
1683	1
186	0
95	0
313	0
320	0
37	142
21	142
34	191
0	79
0	195
0	125
0	166
3	166
0	150
138	0
65	0
156	0
608	0
274	0
77	0
263	0
7	278
46	278
429	0
176	0
0	52
1	42
0	52
13	0
0	479
907	479
315	307
0	307
0	180
0	161
0	171
0	190
11	189
4	170
129	0
456	0
7	0
0	80
36	80
148	0
0	456
60	676
0	676
71	0
0	168
0	171
3	164
0	48
102	0
316	0
196	0
4	73
23	73
174	0
49	0
19	0
198	0
1	224
5	218
0	6
46	21
40	21
59	188
0	188
1564	0
0	12
47	12
7	0
0	215
0	214
0	217
0	234
0	216
5	216
0	199
211	0
221	0
161	319
0	319
313	0
634	0
0	358
19	358
8069	0
486	0
8	33
0	33
96	0
658	0
606	0
0	55
11	55
483	0
117	0
480	0
82	0
0	10
3	10
6	19
813	0
174	0
1064	0
490	0
334	0
1	119
37	119
0	110
90	110
139	0
4021	0
2	260
116	260
0	332
0	337
2	336
313	1
194	373
0	373
412	0
473	0
4	42
5	42
0	39
0	89
0	99
54	0
719	0
158	0
39	0
37	0
64	0
0	315
0	324
0	229
0	333
0	236
0	201
5	333
0	41
3	51
0	177
13	177
35	0
0	82
13	82
1032	0
236	0
359	0
1085	0
281	0
44	0
0	0
0	18
3	18
665	0
206	350
2816	350
3	0
37	101
39	101
193	0
1851	0
9	92
0	92
26	2
59	6
24	12
91	5
54	4
9	1
16	1
58	0
620	0
24	175
0	19
0	22
6	197
149	0
0	78
0	86
17	141
0	141
0	141
44	415
3	415
0	10
8	10
6	0
46	0
0	27
13	30
0	23
0	16
0	30
25	5
74	4
0	0
11	1
36	4
0	306
0	331
0	293
0	318
218	0
1334	0
374	0
146	269
12	269
21	0
0	232
0	25
0	319
1	272
0	25
133	0
50	0
32	304
5	277
14	301
0	576
1375	576
96	0
281	0
141	516
6	516
138	206
0	157
2	49
0	10
286	35
1	35
8	79
156	79
21	0
7	119
0	119
0	100
0	107
457	0
139	0
46	6
36	6
40	2
80	2
115	2
104	2
93	1
52	0
6	0
172	0
250	1
3	0
0	298
0	306
50	306
0	29
1035	29
11	97
0	97
270	0
273	0
0	36
17	36
110	0
3	176
23	176
1150	0
1397	0
1687	0
213	0
0	381
3	491
14	118
0	359
0	450
0	504
0	441
1	543
2	561
0	627
0	637
1	623
0	596
0	620
0	572
14	127
0	127
0	560
0	575
26	575
0	240
2	230
0	236
9	240
0	230
104	0
83	508
18	508
0	315
20	315
378	0
394	0
0	175
0	373
0	152
0	114
0	250
2	247
0	253
1023	4850
0	4850
1	63
0	63
59	0
379	0
0	960
0	930
0	969
8	945
0	936
6	179
0	179
846	0
14	0
34	1
47	0
128	5
141	0
405	3506
60	0
284	0
0	514
0	458
1	386
0	425
0	369
48	219
54	219
0	45
0	27
8	45
129	0
160	342
5	342
45	353
1	353
2	137
0	134
53	137
10	1
31	0
8	231
0	326
0	325
2	320
75	320
2	242
394	242
0	419
5	475
0	487
0	426
43	94
0	94
24	206
14	206
0	220
0	213
315	213
3	220
0	216
0	215
0	210
4	1
573	0
0	290
0	153
37	290
27	6
7	5
1	0
9	0
1	1
9	0
1	0
7	1
76	233
5	233
102	0
16	378
37	378
235	1
13	18
0	14
2	14
0	9
173	0
41	0
1	45
7	45
47	0
46	0
1	540
1	658
2	764
14	0
323	0
293	0
143	0
254	0
3	19
6	19
0	420
22	420
126	87
0	61
0	93
4	0
13	1
0	0
3	1
35	0
21	236
1228	1
0	508
2	540
0	387
407	0
0	16
2	15
1025	27
0	1
3	1
2	13
9	13
1926	2
89	0
189	0
6	397
104	414
45	469
32	0
0	0
0	35
0	35
80	0
0	240
27	240
22	43
0	43
323	0
197	0
1151	0
18	0
17	0
0	0
314	0
0	39
1	39
169	0
524	0
52	0
150	0
0	79
58	79
5	0
43	0
246	0
84	0
79	178
13	178
3	45
0	45
0	82
0	196
66	196
89	204
0	161
0	43
70	0
4	0
4	0
6	0
7	0
96	0
0	321
447	321
2674	1
2	0
854	0
0	123
0	108
0	168
30	0
13	806
129	806
1	270
138	270
3	306
135	306
0	538
0	725
8	725
2	75
0	673
0	666
0	341
6	234
11	551
132	551
1	556
0	569
1	544
350	0
2	335
0	268
0	265
0	251
0	338
0	335
167	0
0	834
9	859
85	859
360	0
27	15
1	15
508	0
238	0
963	0
17	208
2	205
1	208
12	208
0	208
130	0
1119	0
29	3
555	0
35	0
64	0
3579	0
69	58
2	58
281	0
216	0
0	107
65	107
25	0
12	0
9	23
29	0
3	115
50	115
0	106
6	106
0	114
0	202
0	199
0	99
53	202
0	188
0	167
0	166
0	117
0	82
429	0
74	0
17	0
58	152
0	117
44	269
181	0
0	75
0	90
11	90
43	250
97	250
18	0
0	0
0	2
0	2
0	0
0	0
42	0
70	0
37	0
10	0
26	0
19	0
18	0
16	0
15	260
2	195
0	364
0	389
0	523
0	74
5	63
0	80
0	124
0	104
0	74
30	0
7	0
35	0
76	0
5	0
5	0
48	1
85	1
41	0
190	0
18	30
1	30
19	0
100	0
29	0
18	0
21	0
39	0
13	0
32	0
11	0
326	0
425	0
275	0
454	0
96	0
30	0
56	0
36	0
6	0
0	139
0	83
21	139
54	0
0	7
2	7
0	24
5	24
10	0
1	0
6	525
3	525
0	0
0	0
349	0
0	418
149	418
388	0
1325	0
203	0
39	0
199	323
20	323
624	0
19	204
0	204
53	0
503	0
57	134
0	134
422	0
0	109
146	109
0	117
3	175
0	175
17	0
494	0
0	424
2	482
3	208
320	1
0	29
13	29
3	3
49	3
59	1
12	0
169	1
12084	0
0	7447
5428	7447
2273	0
34	0
1048	0
2844	961
0	961
18	0
17	7
35	97
1	97
0	3
2	3
485	0
0	171
65	171
0	149
1	110
12	249
1	249
49	243
251	272
0	269
14	272
8	187
0	218
0	204
0	213
0	202
35	213
0	213
137	0
233	0
0	59
60	59
51	0
0	165
77	165
0	143
0	156
0	193
0	170
6	123
125	0
1	0
1417	8051
9	0
2	0
187	0
10	0
9	0
0	2
0	30
11	28
118	0
72	0
23	0
0	74
17	167
411	167
0	43
871	0
309	0
8	0
15	0
2	23
0	23
26	409
1	409
51	0
47	0
1139	0
12	140
90	146
5	146
47	0
1062	2859
21	98
0	98
151	0
10	0
7	0
16	0
24	0
30	0
0	28
0	27
2	28
2	7
0	7
16	0
1236	0
225	226
9	226
0	4
0	35
3	35
0	238
43	238
959	0
43	189
140	189
43	0
1	374
78	374
326	0
1	0
0	553
8	555
0	581
0	558
13	862
442	862
29	333
135	333
0	242
56	366
0	366
205	1577
221	1
769	2312
32	365
7	41
119	41
1589	0
175	0
127	0
11	115
0	115
4	0
0	114
85	114
0	105
1	43
5	43
313	0
92	0
250	0
191	0
349	0
3	56
25	56
14	0
5	0
6	194
26	0
3	16
1	50
4	22
0	22
0	8
0	19
7	0
11	0
1	8
1	8
1	28
19	1
298	0
71	0
1	0
39	0
69	0
0	577
126	577
0	242
0	172
0	274
2	0
155	0
1073	2227
0	2227
18	8
83	8
165	14
57	7
268	14
462	0
12	219
118	219
11	1173
62	1173
2	1173
2	0
0	58
5	58
0	58
13	58
1	57
11	0
29	603
1	603
534	0
88	69
0	7
0	7
100	0
222	0
1180	0
0	134
323	134
277	0
42	0
146	0
157	0
6103	1
3	0
2	0
380	0
9	196
338	196
51	71
0	71
0	141
0	100
19	134
0	111
141	111
384	0
296	0
0	138
15	138
0	460
0	772
4	460
7	462
497	0
339	0
8	0
2008	0
93	0
39	0
71	19
10	19
4	0
12	0
10	0
80	0
460	0
276	0
9	0
44	0
38	0
9	0
6	0
32	0
38	0
470	0
16	0
0	81
0	56
0	54
2	81
436	0
0	74
0	69
8	77
0	77
1	237
0	200
0	299
74	0
34	0
1051	0
6	0
2	0
0	0
43	0
11	0
0	136
59	136
0	185
8	244
7	61
302	0
15	0
0	60
0	79
48	79
0	68
51	245
0	245
64	166
14	166
0	34
3	247
10	247
7	62
17	62
8	51
155	864
0	967
0	916
944	0
0	315
0	206
1	260
4183	0
0	678
59	678
0	204
0	170
42	204
2	181
95	0
0	0
37	0
52	0
29	1
61	0
44	11
30	2
18	1
176	0
1	0
3	0
181	73
0	73
0	37
0	22
307	0
562	0
198	0
3	128
26	171
0	170
0	40
0	59
5	59
0	20
1	22
7	23
152	0
587	0
384	0
113	0
0	23
9	23
0	19
0	706
0	660
0	789
0	911
0	994
14	56
9	56
0	55
0	706
3	705
459	707
11	7
78	0
4	415
0	710
0	520
1	128
25	128
1291	0
211	0
163	0
419	0
152	0
130	0
6309	0
1	468
125	468
33	40
9	382
0	342
140	0
67	0
161	0
301	0
29	0
3171	0
1679	0
174	779
84	779
97	2
133	0
177	2
26	25
0	23
0	23
0	25
207	0
104	609
73	609
186	0
12	49
0	49
58	0
304	0
41	0
183	0
120	0
13	18
9	18
139	0
264	0
268	0
301	0
5	0
25	30
0	30
78	0
12	0
3	39
0	42
0	41
30	154
0	154
16	53
0	53
0	23
29	0
35	74
0	74
3	199
2	199
874	328
0	328
2	0
276	0
122	0
39	49
8	49
0	11
0	31
19	31
693	0
35	241
7	256
17	241
0	73
166	287
0	293
2	301
3	303
5	188
137	188
126	0
0	75
0	83
0	33
453	0
485	0
557	0
94	0
100	0
0	173
103	173
6	0
10	0
56	0
0	0
4	5
0	0
43	1
1	10
2	26
67	0
33	0
59	37
7	12
21	29
3	7
77	20
7	1
0	7
0	0
26	25
13	15
160	20
431	742
0	554
14	742
134	0
71	0
17	0
3	0
14	0
0	0
38	0
17	0
3	0
4	0
25	1
3	2
1	3
50	0
0	69
0	64
4	49
42	227
104	0
41	0
15	0
0	174
1	183
0	105
0	82
0	267
0	151
0	208
1167	0
0	0
1723	0
242	0
0	428
0	325
12	331
54	0
111	0
17	0
1	5
13	5
6	1
0	132
14	132
32	0
195	0
41	0
0	282
488	282
65	0
0	180
21	181
0	181
0	3
5	0
39	0
76	0
1	0
104	0
51	0
4727	0
125	0
12	0
24689	36088
0	36088
0	44
0	40
7	44
10	33
2	42
0	22
0	21
14	51
0	51
18	0
7	116
50	116
13	0
220	116
8	105
59	105
89	0
82	0
0	20
0	17
0	20
112	0
0	623
39	623
112	0
161	0
310	0
290	0
5	0
14	263
0	263
89	93
55	93
307	54
13	0
2955	0
167	0
5	501
0	515
2	472
497	0
57	0
2842	0
0	206
40	206
6841	0
561	0
20	147
0	147
0	136
4	1116
22	1197
0	1005
0	1244
3	914
0	90
5	94
0	94
6	94
33	22
116	0
0	0
442	0
0	331
95	331
0	325
0	263
0	97
35	311
0	278
0	315
0	305
42	0
0	7
31	7
191	95
0	95
37	0
651	0
851	364
0	364
0	145
10	145
4	495
3	495
60	0
7	0
3	0
402	0
0	131
11	147
80	147
204	0
281	0
1744	0
52	0
79	0
5	3
0	3
0	94
52	94
442	0
145	206
10	198
0	268
0	257
0	304
0	293
27	442
3	442
226	0
220	0
0	5333
9	712
7	145
40	5293
128	0
29	0
36	0
0	0
171	0
0	130
0	127
0	126
41	43
8	43
86	104
41	104
17	104
0	152
106	152
157	164
10	164
0	395
0	396
27	396
314	0
206	0
0	62
2	69
0	7
1425	1
0	193
3	219
0	219
0	584
33	584
114	0
272	0
3	30
23	30
0	156
84	156
275	0
291	0
0	113
0	123
0	134
0	111
0	132
0	36
16	0
149	0
92	0
0	263
73	263
0	0
86	0
0	4
0	5
5	5
294	0
0	40
0	68
0	73
6	68
58	73
290	0
26	0
167	0
537	0
130	0
8	0
12	111
0	123
0	130
3	0
15	0
0	178
686	178
0	1319
3006	1319
0	12
1	12
134	645
0	645
34250	2
107	926
0	926
5	103
161	103
9	498
35	498
22	42
26	0
0	137
0	97
47	134
0	553
1	647
4	135
0	464
86	0
0	201
0	217
2	85
569	3047
0	3047
636	0
256	0
264	0
0	126
72	126
164	0
0	266
0	451
0	330
71	0
1269	0
785	0
163	0
70	0
0	1032
42	1032
14	0
51	0
7	231
11	231
259	0
334	0
479	0
59	14
0	14
1	539
154	539
121	255
7	57
17	312
19	0
24	0
1	0
77	0
0	241
6	241
0	229
1	166
28	166
0	26
0	26
2	0
25	0
2	0
2	0
28	0
1	1
1364	1594
61	0
6	443
1	419
1	443
0	419
655	0
96	0
9	0
82	0
17	0
47	1
17	1
18	0
3	0
1	0
42	0
15	0
4	0
8	28
0	28
155	3
106	9
5	0
122	3
33	3
4	0
48	0
0	0
0	0
0	0
56	0
30	1
7	1
6	3
26	0
19	0
0	771
46	793
0	793
24	0
0	16
2	16
311	0
0	241
90	241
210	0
23	51
2	21
3	34
108	0
31	278
40	304
0	304
211	0
239	0
6	38
0	38
3	215
21	215
149	433
43	433
0	22
41	24
0	24
404	0
36	0
522	0
33	0
31	0
30	7
39	7
0	274
4	274
632	0
1582	0
0	225
25	367
6	367
0	362
26	108
18	155
7	263
0	150
3	0
0	0
2	159
0	159
0	144
45	144
5	11
0	11
17	0
0	186
92	186
35	219
7	375
0	169
0	312
0	43
0	41
8	43
69	73
0	73
10	287
44	287
176	0
162	0
219	0
1	201
0	201
0	201
0	57
0	45
1	57
396	0
118	0
406	0
3107	0
0	429
0	414
0	432
4	644
1	663
0	437
0	77
49	77
1040	0
131	0
5	564
134	564
10	195
90	195
5	82
1	83
0	81
6	194
4	194
0	54
15	33
28	54
0	756
67	756
0	719
636	93
0	93
0	85
212	0
1698	0
17	0
0	194
0	201
0	177
0	27
0	32
3	20
0	152
0	170
0	154
127	158
0	164
5	162
0	2
20	0
194	0
0	94
46	94
439	0
4	202
0	202
0	58
0	90
175	90
4174	0
0	174
0	140
8	174
162	0
52	0
165	0
122	1
30	0
71	0
127	0
103	0
142	0
2	0
5	0
85	0
54	0
649	0
31	0
480	0
30	472
0	472
46	232
3	232
0	122
6	0
19	0
11	0
28	0
39	0
17	0
11	0
12	0
0	8
0	24
0	29
0	29
0	24
33	170
0	152
7	126
5	184
55	0
196	0
257	0
24	0
447	0
362	112
14	0
212	0
108	0
0	314
0	199
3	256
208	0
1	583
39	583
42	0
0	429
0	179
0	397
0	474
417	400
0	183
5	81
128	0
27	0
187	0
0	246
148	246
0	79
423	0
194	0
168	0
7	0
42	7
130	113
34	113
0	519
1	231
0	594
2	23
7	350
0	343
7	373
0	15
0	420
0	402
0	383
0	393
0	436
0	377
0	390
0	430
0	396
155	0
0	176
0	243
0	243
0	220
0	140
55	0
197	0
2	151
30	162
0	162
641	0
260	0
221	0
20	0
19	120
0	120
0	97
0	110
0	562
809	562
145	0
0	173
32	166
0	175
243	0
45	0
24	0
158	0
4	0
52	0
12	33
0	33
0	48
14	48
28	0
320	0
5	18
0	15
2	18
794	0
0	231
6	233
0	243
0	582
36	582
1006	0
0	302
6	302
1	74
10	74
189	0
384	0
2245	0
0	174
20	237
16	236
166	0
50	368
24	368
2846	0
0	49
130	49
773	0
159	0
134	0
13	56
0	166
0	179
0	187
0	180
0	188
59	203
105	203
0	186
0	166
1	110
0	200
0	138
0	297
0	187
0	220
488	0
0	394
0	415
0	397
4	379
0	376
1	376
137	0
2423	0
613	0
32	0
245	0
343	0
18	0
64	0
22	27
13	27
0	24
394	0
35	0
0	152
0	153
0	163
0	164
0	151
369	0
238	0
0	191
8	189
0	166
0	185
0	167
0	192
0	210
190	288
0	288
157	0
0	253
0	288
0	288
0	96
15	96
796	0
0	273
0	231
0	284
0	227
12	145
0	279
0	251
0	256
0	252
0	309
0	403
916	403
0	40
4	50
0	65
21	115
92	0
2	43
5	97
2	97
2372	0
1118	0
51	0
64	0
34	33
1	33
13	4
150	6
15	11
0	11
0	7
108	7
42	0
1	0
56	0
11	0
17	0
9	83
335	83
29	116
0	116
0	269
29	269
2	0
49	0
425	0
0	42
0	57
0	77
0	78
0	94
1	114
5	114
0	108
550	0
379	0
797	402
0	402
57	3
0	74
0	203
2	202
0	226
7	135
0	184
39	0
259	0
0	0
0	0
29	0
1044	6
10	41
4	41
0	22
0	125
6	111
0	75
109	54
0	54
11	0
11	0
17	90
0	90
107	0
4	98
20	98
10	456
7	456
293	0
0	8
3	8
23	0
0	18
7	18
0	11
0	9
176	469
0	469
755	0
0	2326
0	1924
40	2124
0	2038
0	60
444	60
989	0
15	0
597	0
243	0
172	0
358	0
597	0
1262	0
304	0
0	127
32	127
493	0
5631	0
6	0
59	1219
0	0
15	0
0	0
175	1583
658	3
66	0
121	0
67	0
0	9
7	18
0	18
2	0
17	0
0	4
1	4
38	1
2	1
17	1
22	1
15	0
4	0
32	0
366	0
40	0
25	0
25	0
44	79
0	79
174	0
0	435
22	435
1890	0
58	0
71	0
2	0
56	0
39	11
7	9
754	1
211	0
233	0
2	163
0	209
70	209
64	38
0	38
1	0
0	0
2705	0
26	0
17	0
34	617
21	0
450	0
8	667
3	665
17	667
2427	0
0	792
9	792
0	38
200	38
0	127
148	127
0	37
0	198
0	189
26	235
190	0
2	375
0	375
63	0
28	0
10	34
0	56
0	34
0	25
0	16
4	18
0	18
10	0
61	0
0	199
0	199
304	0
0	326
19	321
36	310
1	317
0	310
0	305
233	0
437	0
198	0
2	170
0	221
49	219
7	1
9	7
0	7
0	61
0	20
0	25
143	61
0	20
0	59
25	0
152	0
60	4
8	0
2	0
168	0
33	0
285	398
74	398
502	0
9	1
38	0
8	0
82	0
0	233
1	201
0	226
13	336
2	318
1	318
0	246
0	239
0	222
0	209
9	3
66	0
303	0
162	0
330	0
283	0
21	14
0	12
0	2
34	12
200	0
94	0
939	0
0	67
16	67
3	95
25	95
519	0
54	0
18	0
0	4082
0	2542
143	3766
320	0
5	0
36	20
21	0
0	0
0	0
5	96
55	0
506	0
124	321
0	321
142	0
8	162
102	162
6	0
153	0
8	0
94	0
207	0
7	8
31	1
0	63
11	144
0	144
0	52
335	0
18	1453
491	1453
1	292
0	231
0	292
1733	0
177	0
150	0
0	48
34	48
6	97
8	97
0	170
73	170
30	0
25	13
6	46
0	46
0	46
0	46
63	0
5	100
409	0
69	0
34	0
4	0
3	14
586	0
1	458
73	458
276	0
294	0
0	315
89	315
530	0
334	0
41	321
1	980
0	1002
0	1207
1288	1
488	1
1294	0
80	401
0	400
0	96
0	98
9	98
23	164
0	164
86	0
841	0
6	21
112	0
3	123
7	7
3	0
2	30
1	30
0	19
0	18
6	16
2	8
0	8
0	76
22	76
77	0
367	0
9	93
81	93
8	0
86	0
7	0
15	0
435	0
0	127
38	127
0	165
17	165
17	385
86	385
67	9
221	316
0	299
13	316
0	0
8	0
241	0
1117	0
45	109
8	109
203	0
0	629
139	629
0	37
0	41
31	41
137	0
23	201
2	201
142	0
0	210
40	210
316	0
0	140
0	139
0	137
0	136
0	224
0	317
4	228
0	42
0	57
18	57
530	0
0	15
23	15
625	0
4	233
0	259
0	156
172	0
1	0
164	0
28	129
64	129
0	145
23	145
0	39
914	0
59	0
3	481
49	466
3	232
0	206
1	4
3	4
90	184
0	184
830	0
73	0
173	0
0	23
13	23
0	1088
44	1039
9	1039
0	27
4	27
18	0
5	4
5	2
0	0
578	0
255	0
8	0
125	0
27	0
47	0
47	0
213	0
6	37
6	37
654	535
35	0
183	0
243	0
140	270
78	270
14	159
0	159
941	0
5	0
20	0
10	121
112	121
0	438
71	438
8	12
9	0
15	0
10	0
105	0
25	369
39	369
1139	192
74	192
627	0
0	147
28	147
743	0
1918	0
3562	0
1	0
44	240
0	10
0	8
280	0
0	137
0	222
12	222
533	0
18	14
33	86
0	82
0	86
0	3
0	3
2	3
0	74
0	63
0	60
212	0
5	0
44	182
43	182
29	0
171	0
28	0
12	58
0	57
0	57
0	59
0	126
0	42
17	127
0	107
0	83
0	79
0	121
9	294
0	397
6	329
101	397
4	264
234	0
108	0
33	0
3	158
20	158
491	0
112	0
254	0
1111	0
336	0
8	0
0	137
9	138
6	138
38	0
444	0
25	119
25	119
191	0
2	0
334	46
9	0
1	5876
1826	5876
118	0
684	0
215	0
13	100
0	100
231	0
2307	1439
9	1439
0	7
5	7
9	30
0	30
8	275
22	299
0	205
11	91
5	107
0	106
0	107
121	0
0	19
5	31
0	31
0	31
0	31
22	62
419	0
49	75
0	75
72	173
88	0
5	0
345	0
14	0
308	0
164	0
56	17
19	0
16	0
0	52
8	64
1	63
0	59
0	226
6	225
2	226
0	304
0	304
0	330
0	306
22	305
0	208
0	280
420	0
552	0
229	0
142	0
182	0
345	342
0	342
73	189
0	189
39	668
9	668
8	473
4	443
59	492
0	359
0	356
29	852
42	360
1521	1
26	0
455	0
0	100
0	99
0	207
20	207
245	0
111	267
44	267
205	223
0	223
0	16
0	345
11	361
1	117
1	119
6	92
0	75
0	126
10	126
5	45
0	61
0	50
0	9
72	0
45	0
0	162
14	184
9	184
33	0
6	0
2	0
11	0
84	0
2	0
207	0
5	0
337	0
11588	0
1	5005
962	5005
1	339
7	95
20	339
19	128
0	128
0	118
82	0
154	0
195	1
1	1292
9	1310
228	1309
181	0
2	188
15	188
0	90
35	90
101	16
617	16
524	81
57	54
0	0
6	0
2	0
2	0
11	0
26	1
71	0
32	71
7	0
74	0
135	0
600	0
0	126
66	126
369	0
11	139
0	139
0	127
5	0
20	0
5	0
46	0
20	15
0	4
6	15
4	7
0	3
10	0
81	6
4	28
10	0
16	0
11	0
53	0
10	0
257	208
0	208
16	0
0	19
3	19
98	0
0	69
25	82
10	82
27	284
20	284
0	191
0	169
0	151
27	215
39	237
0	198
10	68
275	461
0	461
232	0
10	0
5	4
34	4
93	0
0	24
16	28
0	31
0	45
37	55
0	55
65	718
27	718
0	196
60	191
0	153
0	191
96	0
0	60
21	60
0	57
0	244
99	244
1	244
622	0
344	0
761	80
64	80
152	0
227	15
0	21
6	15
0	208
77	208
1	16
1	16
0	16
14	138
0	138
212	0
5	170
0	203
0	60
0	226
0	205
129	288
0	288
180	0
107	410
14	410
725	3846
97	3846
53	122
2	122
2	122
36	0
16	727
67	757
0	818
14	558
61	0
0	191
35	191
0	142
1032	1
237	0
282	0
21	38
509	38
46	0
1	468
68	468
2651	0
305	0
336	0
277	0
0	256
0	251
0	256
425	0
70	0
3078	0
0	48
2	48
0	46
1996	0
356	0
204	0
0	55
133	55
676	0
45	148
140	148
0	106
0	192
0	199
0	203
22	0
0	95
0	438
118	438
4	126
112	325
0	325
58	478
11	478
243	0
0	322
6	298
0	355
0	448
3793	0
0	62
0	120
0	120
0	31
0	31
0	46
0	46
398	0
425	0
0	210
68	210
122	0
0	770
55	770
0	421
0	209
0	219
6	193
154	251
34	18
0	18
2	29
0	29
5	10
3	18
0	29
0	26
293	0
579	0
141	0
309	0
418	422
12	422
45	263
92	263
32	0
75	0
29	0
16	1
17	0
24	1
11	0
600	0
579	0
0	39
0	40
0	58
3	23
622	0
0	0
51	0
2	0
62	120
0	120
0	3
0	24
0	24
14	0
430	0
0	428
0	209
0	404
0	289
0	116
40	116
95	0
114	0
318	0
0	64
22	69
415	0
3	6
48	0
1	100
98	100
0	1435
0	1402
826	1435
4	22
0	31
0	24
15	31
2	12
19	0
125	13
107	13
175	5
113	11
422	0
254	0
93	0
683	0
573	0
0	73
0	71
4	75
2	75
345	0
0	133
7	133
3	95
0	95
0	237
79	237
0	106
0	1060
1	1102
0	1128
0	899
0	967
0	967
0	1128
45	0
494	0
217	0
27	0
326	0
2	101
0	243
107	243
211	0
133	0
125	0
250	0
53	0
671	0
0	15
2	15
32	0
0	14
81	14
0	157
3	157
200	0
12	3
1	3
7	0
10	0
0	4
0	3
3	4
10	0
2	0
0	0
0	1
2	1
438	0
2	60
13	60
24	60
0	7
0	8
16	8
111	0
467	1525
0	1627
86	1567
370	0
4	127
6	127
138	0
0	34
0	53
15	103
0	50
0	59
0	28
13	95
2	58
164	95
1	95
1	195
0	220
2	143
0	213
32	213
0	36
15	13
0	13
43	108
2	108
83	0
46	0
69	0
826	0
2054	0
547	0
0	258
51	258
0	235
52	145
0	145
195	0
432	0
331	1
65	0
277	828
11	110
8	718
172	0
85	0
2	14
0	8
0	22
473	0
4	0
73	0
268	0
8	191
0	191
0	191
0	161
14	0
105	0
175	0
106	0
205	0
226	0
280	155
0	155
300	0
416	0
1	241
0	241
76	0
277	0
75	221
0	221
76	0
673	1
0	2
36	2
0	324
67	324
1032	0
0	209
80	209
701	0
1	296
0	262
18	316
602	0
0	72
3	72
0	45
6	49
0	49
4	245
354	245
44	0
302	0
0	1
1	1
8	0
18	1
32	0
42	30
0	0
13	1
15	0
28	3
47	108
0	108
11	0
39	10
60	8
59	49
0	49
112	0
243	0
333	0
0	66
4	66
0	66
13	405
39	405
197	0
32	0
72	5
343	0
1	208
120	208
50	0
196	1685
0	1685
47	0
70	0
177	0
116	0
0	257
266	259
113	0
52	0
659	0
3	33
0	29
0	42
0	176
8	169
0	218
5	130
231	0
1	217
0	218
0	211
0	199
0	270
0	265
5	141
0	194
415	0
2	0
1	59
52	59
11	31
174	0
264	0
376	0
9	163
0	165
22	160
0	3
0	3
0	3
0	16
4	16
0	15
25	0
2	0
177	0
617	0
0	1315
293	1315
0	204
86	204
202	0
5	0
0	120
0	98
81	120
0	83
3185	0
0	0
0	531
81	531
9	292
39	0
42	0
182	6628
574	6628
81	0
6	2
0	38
0	38
103	0
73	0
1	35
0	79
0	98
0	32
0	79
174	435
0	435
0	241
95	270
4	270
22	270
0	244
24	0
31	0
5	27
4	20
40	381
64	381
25	326
65	0
26	136
0	133
1	133
0	136
16	0
73	0
6	0
0	432
0	437
0	411
1	410
81	193
0	411
55	0
198	0
0	108
15	108
0	32
13	536
25	418
410	536
6	0
92	0
24	9
12	8
0	79
12	79
2	11
1	11
1	2
7	14
8	1
12	7
21	0
5	209
82	209
0	171
48	218
0	218
3	175
0	193
13	211
0	217
107	0
38	2
152	2
763	0
0	229
59	229
104	0
24	0
0	80
57	80
87	0
60	0
55	0
3	33
1	0
0	28
9	28
0	25
75	6
439	0
290	0
0	44
5	44
66	0
13	0
60	379
1	379
74	0
0	6
0	6
32	92
0	92
700	0
0	126
5	126
871	0
38	0
4	383
59	396
0	422
134	0
0	90
18	90
0	61
75	61
59	169
12	169
46	0
8	110
25	110
0	165
0	210
34	210
10	1
12	2
5	0
60	15
648	11
20	547
16	547
27	1
119	0
10	1
0	861
13	949
9	915
3	546
293	6
74	3
19	0
58	0
132	0
33	0
17	0
8	1
12	0
10	5
1	1
2	4
5	0
16	6
12	5
615	0
42	5
32	5
39	0
58	0
4	0
160	2
2	0
146	0
878	575
0	575
2	0
27	19
0	34
21	41
0	34
0	43
13	0
0	12
1	12
0	4
0	4
0	4
0	1
80	0
115	0
210	0
7	122
0	77
0	67
12	133
0	66
27	133
0	121
2	191
98	191
142	6
27	49
0	0
2	0
3	5
34	0
59	14
106	19
6	14
93	0
27	4
0	28
106	0
0	0
22	5
37	0
58	0
1	0
0	0
16	0
142	0
176	40
1	0
3	21
29	21
441	825
0	825
161	0
4	96
0	25
0	28
0	69
47	3
0	319
3	286
0	335
1	17
11	0
677	0
82	0
18	0
376	7
1674	18
78	234
10	234
15	115
311	0
1	42
5	42
70	0
21	0
165	0
917	0
46	236
63	345
0	345
0	380
234	380
224	0
9	459
86	459
346	0
79	0
485	0
51	13
0	6
12	36
1	30
35	0
26	0
15	0
32	0
22	0
1	166
29	168
13	47
5821	0
0	203
0	217
0	38
0	191
22	110
3	110
6	820
88	820
260	0
473	0
0	12
152	12
2	92
0	92
5	0
2531	0
67	0
773	0
5	111
2701	111
47	0
23	1030
8	1030
0	120
24	120
108	0
209	0
0	0
62	0
3	12
0	2
1	10
56	0
0	91
48	87
0	50
1	3
3	3
258	0
2047	0
1237	0
903	0
373	0
283	0
425	0
7	7
2	7
0	13
5	13
12	0
268	0
24	0
340	0
11	229
0	229
61	0
368	0
118	0
422	0
5	299
143	299
300	0
14	361
0	361
15	361
46	0
321	0
113	0
130	0
49	0
3	814
21	814
81	0
184	18
1	173
3	173
0	162
2637	0
1	40
22	40
163	1
0	63
9	60
0	53
0	45
14	0
10	0
230	242
8	236
396	0
0	0
220	0
4	1
137	0
255	0
7	1266
46	1368
1	1362
0	1377
4584	0
503	0
63	592
2	239
0	353
23	386
68	386
2433	0
825	0
0	54
119	54
14	59
0	59
613	0
234	0
22	0
33	0
6	51
5	51
7	43
274	0
0	142
6	150
0	150
6	0
0	73
0	100
29	100
2551	0
0	65
10	64
1	66
0	304
93	1082
0	1082
70	485
4	484
3	485
4	440
2	154
0	44
11	45
0	45
0	332
219	332
154	1
565	1
12	75
11	75
0	75
169	526
4	526
312	0
2	357
0	345
1	333
0	402
6	39
536	0
483	0
4	155
0	155
49	0
584	0
278	0
218	0
0	44
0	28
839	6
8	20
0	39
0	28
0	24
405	0
144	171
29	171
40	171
0	405
15	231
0	299
705	0
243	0
21	0
75	0
492	0
199	0
28	0
14	0
400	1
50	0
764	0
397	0
7	0
39	2
15	9
29	3
96	0
64	0
23	0
209	0
2	0
13	0
2	0
1	0
3	0
35	0
80	0
21	318
6	318
5	529
165	529
3257	0
0	401
81	401
152	0
2531	6543
0	2311
614	1632
0	1463
1345	7
97	81
5	36
0	23
35	8
259	29
305	0
1	132
0	123
0	317
0	326
8	81
0	41
1	132
0	313
0	314
2	132
0	333
0	355
0	339
0	335
8	48
487	0
207	0
0	49
6	41
18	50
2	47
0	46
4	185
182	185
0	399
392	472
0	472
204	0
691	480
7	480
862	0
18	47
0	11
1	36
84	146
0	146
0	90
867	0
0	213
0	232
0	291
0	310
5	229
138	0
74	480
5	480
5	20
0	313
17	313
416	0
537	0
7114	0
9	351
17	351
462	1
40	0
595	0
144	0
231	0
122	0
25	0
1	14
2679	0
0	1035
2210	1035
434	7
1050	0
846	0
1511	0
487	0
0	532
0	730
185	730
211	0
83	214
61	214
94	0
37	408
0	408
756	0
241	0
66	148
4	148
61	582
0	582
1328	0
514	0
556	0
1	76
5651	76
25	403
0	403
234	0
0	133
32	133
399	0
0	59
0	40
0	69
6	0
0	32
14	26
4	32
0	28
420	165
0	165
112	9
594	0
0	143
22	143
1	150
12	150
86	141
0	209
0	209
0	129
0	208
21	181
179	0
67	2
405	0
0	55
6	56
0	244
9	244
22	0
4	100
6	100
131	0
3	0
27	0
79	0
120	0
0	33
3	33
5	131
0	131
0	102
1	77
0	56
0	111
533	2
37	10
24	0
30	10
7	0
0	11
0	11
22	2
16	1
159	9
2	0
2	0
87	0
129	808
0	808
0	751
50	0
0	43
1	43
0	47
0	47
630	0
181	53
5	51
0	53
0	107
0	107
7	107
0	85
0	93
0	34
0	72
0	5
13	5
63	0
35	0
0	527
52	527
79	0
152	0
19	0
75	0
10	0
2	60
4	57
5	59
0	9
20	67
10	0
48	0
166	0
614	0
31	346
0	610
22	264
50	171
8	171
0	212
159	212
19	31
22	65
2	70
322	0
677	0
147	0
3	0
5	0
748	1
0	137
0	126
18	144
0	144
248	0
66	0
57	0
333	0
1236	0
130	0
3078	0
33	110
177	147
0	37
261	0
65	0
254	0
0	265
0	265
50	0
3	2792
0	2632
2693	2792
5	76
29	76
0	612
0	609
0	560
0	591
3	433
0	308
0	483
0	643
0	638
0	640
0	193
2	186
5	220
1	213
548	0
0	148
2	104
0	231
0	118
9	112
25	133
0	133
3	64
9	110
0	92
2	38
547	0
340	0
540	0
0	250
0	311
86	308
2	16
0	19
0	17
129	0
0	179
0	221
5	283
190	0
0	24
0	39
0	33
0	21
14	47
0	47
0	19
34	6
5	14
76	29
16	14
24	64
0	64
0	8
1	8
0	7
0	7
4	0
94	68
0	68
0	387
0	352
0	386
2	395
13	387
0	365
0	359
0	135
3	130
0	100
47	0
0	33
0	30
4	39
143	0
15	0
1	0
34	30
0	30
0	16
0	13
0	52
0	49
4	52
0	42
183	0
26	0
17	0
8	0
11	0
38	0
3	35
0	35
0	94
44	94
18	0
15	413
0	516
0	502
3	84
0	84
40	0
213	0
1758	0
0	82
105	82
15	0
192	0
1555	0
0	273
221	273
505	0
16	0
5	44
296	44
0	32
187	0
3	0
1429	0
59	0
41	0
22	2
10	2
28	6
64	5
73	4
16	0
17	0
454	0
106	0
129	0
36	96
1	80
0	86
148	0
33	0
0	55
8	55
0	343
324	343
0	41
5	41
266	0
184	0
250	0
689	0
118	7
22	0
25	0
14	375
20	375
180	307
0	307
328	0
32	152
14	152
0	358
0	393
0	414
0	379
142	2017
0	2017
401	0
224	0
32	123
0	188
0	115
20	183
0	183
38	141
0	141
2	169
26	169
741	0
0	74
5	74
160	0
3	682
0	509
96	648
0	242
172	242
229	0
197	0
2187	0
1405	0
0	56
0	76
5	66
174	0
13	4
0	4
59	0
359	0
0	1017
0	1014
23	1014
0	944
233	1017
959	0
2852	0
2328	0
2	18
0	18
17	26
0	26
438	0
0	370
553	370
1019	0
139	0
1	338
173	406
0	406
230	0
145	193
0	193
0	170
13	170
1170	237
250	241
0	0
14	0
8	0
75	0
26	0
32	0
2	0
105	1
264	0
63	0
53	0
4	0
5	178
56	178
102	0
44	0
25	0
222	0
41	0
2	11
3118	11
43	0
52	0
19	0
73	0
72	0
77	0
160	0
12	0
14	0
67	0
9	0
48	0
609	0
0	135
52	140
11	144
0	144
534	0
10	3
7	15
0	263
46	253
9	261
0	265
2	0
1	2
2	2
57	0
32	35
0	35
0	712
246	712
2	161
63	161
81	308
0	308
335	0
81	25
0	25
13	687
14	687
328	0
168	0
11	0
7	0
54	0
5	0
43	0
8	120
0	323
0	458
0	425
2692	0
465	0
1458	0
450	0
377	0
1982	0
2	544
46	544
0	509
3947	0
455	98
18	98
0	325
7	325
0	322
2	0
114	0
0	0
5	0
0	1
0	17
0	12
8	5
2	17
35	32
1	0
29	0
13	0
122	0
1	0
83	26
1093	142
0	142
8	0
203	0
0	69
5	69
1	97
10	101
0	101
0	94
0	105
0	105
0	104
0	104
428	0
45	0
80	0
5	0
1	0
123	0
3	0
0	0
8	0
0	0
0	29
0	29
3	29
0	29
4	172
38	172
0	351
10	351
5849	0
6	126
4	126
1023	0
114	222
8	222
0	102
0	234
129	235
240	0
226	0
690	0
178	0
441	0
72	0
4	0
7	0
0	285
439	285
0	269
0	284
4	262
0	273
0	288
0	191
0	19
0	19
1	19
0	19
1	19
24	265
46	265
692	248
4	248
1044	0
3	90
17	90
0	264
0	263
19	264
1322	0
502	0
469	0
142	0
228	0
286	0
2	226
117	226
0	225
0	125
21	191
0	182
0	109
0	198
0	58
0	132
0	73
195	400
0	400
205	0
0	11
0	11
0	31
0	31
3	0
88	0
19	23
0	22
16	1
74	0
0	28
7	28
662	0
176	0
0	4
0	4
0	0
12	0
0	0
10	0
25	0
34	0
1	0
500	0
0	14
0	14
73	0
70	0
717	0
123	695
0	695
211	0
364	0
231	0
735	0
246	0
0	0
554	0
765	0
284	0
125	0
406	0
28	0
548	0
88	0
384	0
19	179
0	179
6	226
0	275
0	277
0	273
471	0
0	135
0	124
4	136
0	136
3033	0
341	0
308	0
0	169
8	169
306	0
880	0
0	17
3	17
0	17
2	0
6	0
0	64
1	70
3	70
360	0
748	0
11	1
2	2
1	0
2627	0
5	166
18	797
0	637
1286	0
191	0
0	6
8	6
0	24
5	24
76	0
81	0
425	0
44	0
69	50
36	0
189	386
0	386
179	3
1	4
43	7
33	8
84	23
0	10
18	0
1	6
166	171
0	40
0	370
59	5
142	64
106	0
21	1
10	1
15	1
874	0
4	0
7	1
93	0
39	0
1980	0
141	5
32	0
6	0
6	0
235	40
0	50
60	50
0	331
99	331
8	688
31	688
0	377
156	0
0	52
2	49
0	48
0	48
0	154
0	167
4	173
2	173
96	1
0	1
92	0
3	0
119	0
79	0
0	92
81	92
0	141
0	133
0	144
52	143
37	653
83	653
5	3
207	3
6	2
10	2
0	132
492	132
19	0
10	0
48	0
42	0
148	0
15	0
169	0
262	0
2	15
0	15
69	0
1	0
2	0
56	0
22	0
319	35
180	0
9	5
34	243
0	243
2828	0
8	0
7	21
52	26
0	87
1	8
88	0
691	0
0	33
4	33
3	32
0	448
54	456
12	1072
1128	1072
22	0
648	0
97	0
0	59
26	59
1	2277
0	2457
0	2304
94	370
0	172
17	199
0	167
7	194
389	0
210	0
24	29
0	29
375	0
369	0
32	257
0	86
3	114
0	257
0	155
0	147
26	155
0	149
0	83
0	85
100	85
122	0
28	0
15	0
12	0
9	0
21	0
25	381
15	381
0	268
189	268
0	214
96	349
29	306
0	124
95	0
0	0
756	0
0	138
34	138
77	0
83	0
284	0
0	60
0	58
0	39
0	39
797	0
1038	4
3	0
128	0
0	259
55	259
64	44
0	35
0	13
153	0
0	460
1	317
1	70
0	357
0	35
0	35
117	0
65	7
126	15
134	9
36	4
88	7
11	258
68	258
257	0
109	0
17	13
0	13
74	8
34	4
3	0
11	0
7	3
25	70
1	0
2	0
67	0
95	0
29	0
0	0
64	0
12	0
24	0
8	1
75	0
1	13
155	0
4	6
615	0
21	0
538	0
14	0
20	0
3	6
22	7
29	4
5	152
50	8
18	0
34	17
36	2
15	3
276	35
165	11
1317	10
116	0
72	0
8	0
70	18
1023	11
57	0
28	0
19	0
3	0
9	0
28	0
16	0
522	0
1	259
6	259
0	142
0	181
2	181
12	0
2	343
0	443
0	435
0	382
71	0
0	19
4	19
63	0
0	29
1	29
79	0
5	5
0	5
1	324
0	797
150	797
416	133
0	133
962	0
306	5198
293	5198
103	75
187	75
0	824
0	892
0	1698
0	1647
0	1228
456	0
272	0
14	259
35	259
0	233
0	234
20	227
218	0
4	288
0	298
6	298
366	0
0	111
0	117
12	108
0	146
16	146
0	134
349	1447
0	1447
190	0
239	0
0	161
91	161
16	168
2	106
7	168
114	0
52	0
25	0
182	0
431	650
0	650
360	0
353	0
144	0
0	60
0	69
24	69
0	49
0	42
827	0
143	0
0	1316
171	1316
41	198
4	198
0	387
5	387
0	185
0	186
47	186
211	0
408	0
6	93
191	93
28	0
708	0
314	0
2	137
0	110
0	137
32	0
0	284
104	284
0	258
0	180
142	0
119	0
38	295
0	295
0	92
13	92
0	101
92	119
0	119
345	0
226	0
2	69
239	69
3	3
15	3
0	88
0	92
1	86
0	69
898	0
80	98
0	98
197	0
0	151
87	151
7	0
5	0
24	0
18	307
12	307
2009	0
2	0
70	0
373	0
1103	0
3	0
0	8
0	8
3145	0
10	105
1	105
125	0
0	185
0	179
15	185
0	197
0	198
0	195
0	196
0	241
10	241
391	0
0	57
8	150
0	149
0	177
9	186
498	186
76	133
0	133
288	0
0	17
14	17
0	17
0	4
0	0
3	0
6	0
0	171
6	171
0	136
4	87
113	346
0	346
279	0
32	0
0	94
25	94
29	0
80	0
0	109
0	116
0	114
0	115
0	115
0	108
0	20
34	0
0	24
2	4
0	3
0	13
0	1
0	3
47	1
79	1
41	5
52	5
308	544
114	0
28	0
50	0
24	3
15	0
50	1
34	2
8	1
1	1
87	0
2	2
9	1
5	2
42	0
22	0
2	0
1	2
12	0
25	9
14	2
53	0
33	3
10	11
0	40
23	42
65	210
15	210
1	130
34	143
5	143
0	133
41	0
64	0
106	40
6	40
167	0
1216	0
12	170
0	170
38	2
21	0
39	0
0	378
429	378
0	129
167	129
2406	0
266	185
0	185
330	39
5	39
108	602
0	602
1	268
0	2297
0	2299
4	2293
0	1796
176	0
87	0
997	0
159	0
589	0
317	0
0	207
25	207
1027	0
0	380
35	380
0	367
122	0
139	0
7	0
69	501
0	501
444	0
0	80
7	102
4	107
0	107
0	105
405	0
123	0
7	0
29	0
61	0
21	0
67	0
20	0
2	2
110	0
64	0
84	0
84	0
13	0
73	0
20	0
22	0
6	0
5	0
135	0
34	0
23	0
44	0
26	0
34	0
8	0
64	0
136	0
67	0
39	0
38	0
27	0
24	0
59	0
24	0
3	0
52	0
107	6771
96	7486
56	7372
106	7486
111	6771
0	146
46	146
14	0
304	0
0	18
77	18
111	340
0	340
375	0
16	389
0	431
0	537
0	608
1023	0
254	0
166	0
4	26
2	26
0	26
0	26
249	0
218	0
0	124
0	199
0	199
222	0
310	0
2	65
17	65
0	2
27	2
45	0
12	0
7	1
0	5
13	12
0	12
41	667
20	926
0	926
15	0
34	0
0	33
5	33
30	0
186	0
1	54
0	54
165	0
0	815
0	790
0	783
0	805
0	808
0	830
0	142
0	201
0	166
0	244
0	297
0	351
0	290
0	199
0	175
0	177
0	173
42	173
1	872
292	872
0	844
806	0
3449	0
17	70
0	70
124	177
0	187
0	164
96	352
0	352
0	180
20	180
1399	0
0	150
0	375
44	378
0	378
3	0
354	0
535	0
3	170
30	170
5	26
2	28
1	28
3970	1
207	0
602	0
607	5
144	518
0	518
333	0
364	0
10	141
1	141
222	0
45	1
122	2
68	2
51	0
84	0
33	0
55	0
42	0
113	0
320	3
27	54
0	54
0	449
0	406
201	431
5	28
0	342
0	369
4	236
79	0
308	0
5	1
71	0
170	0
105	0
39	0
69	0
23	0
51	0
0	498
1	504
25	504
3	498
0	492
604	0
2	69
5	69
403	0
1	0
20	0
0	75
58	75
1	0
12	0
324	0
2	226
15	226
36	0
192	0
19	0
1	0
202	0
73	67
8	67
39	0
408	0
0	151
231	153
0	153
28	307
1	307
360	0
2109	0
715	0
448	0
0	16
4	16
0	40
0	80
0	15
0	55
0	179
0	201
0	39
0	61
510	0
511	0
0	4
0	4
2	24
1	40
0	17
321	0
129	0
1	123
0	253
0	243
1	107
0	351
5	98
0	0
6	65
0	119
3	90
291	0
80	105
0	31
15	74
14	359
0	359
444	0
1352	0
19	0
18	0
20	578
2	578
0	553
1451	0
115	112
0	112
0	2043
1576	2043
985	0
349	0
39	311
84	311
10	243
0	266
114	609
117	609
1	27
12	27
32	330
0	330
4	4
0	4
150	0
153	1
25	0
19	181
25	181
1	19
0	144
32	180
0	183
717	0
0	334
32	334
0	248
12	88
0	88
850	1051
0	1051
86	0
0	26
37	26
83	7
0	7
230	0
30	0
0	560
0	574
0	572
0	585
0	443
0	455
0	468
0	457
0	109
674	0
48	0
70	21
36	0
37	204
1427	0
0	296
0	618
4	407
0	361
7	361
14	10
51	204
0	190
14	1
8	0
0	28
6	28
0	346
150	346
634	0
343	0
4	0
2	0
31	69
9	44
7	0
2	0
9	0
67	0
0	128
6	128
5	73
0	73
0	30
620	647
1101	0
46	4
15	0
6	8
73	2
61	6
56	0
57	16
59	9
4	0
31	30
13	2
101	4
24	2
8	8
1	781
33	112
39	923
101	0
16	0
370	0
367	0
13	3
101	0
2	0
102	0
0	234
0	255
0	224
0	245
243	0
291	122
0	122
32	0
1	0
4	0
202	0
0	157
0	216
3	186
0	402
112	425
15	425
3	0
7	76
0	95
0	85
28	120
4	120
157	0
18	94
0	94
6	192
1	181
13	275
0	323
161	323
0	79
40	106
0	93
580	0
432	0
541	0
0	85
47	85
19	84
301	84
46	104
0	104
0	201
60	201
512	0
264	4
118	20
244	23
0	759
72	759
27	9
90	10
0	113
5	113
0	154
0	152
0	152
51	0
65	0
48	0
52	0
1	132
9	132
3	686
0	677
0	461
0	845
0	838
0	454
784	0
101	0
66	0
0	0
118	0
1229	0
37	0
291	0
0	1
0	0
2	1
97	30
11	65
1	65
120	0
38	0
0	521
433	521
11	240
0	240
0	17
0	13
0	15
22	15
6	0
1	0
0	206
55	206
0	169
13	1756
612	1756
226	0
1	240
166	337
5	337
0	310
1444	0
361	0
1	105
45	105
71	0
50	0
10	0
0	1
98	1
0	324
96	363
6	363
0	363
141	0
394	0
0	8
0	1
2	8
27	147
0	147
79	0
1	295
515	295
36	0
2	0
265	0
1	2
0	2
53	0
36	595
252	595
722	0
104	0
146	0
24	0
22	8
35	0
72	15
65	21
19	12
81	26
22	0
40	51
18	51
28	0
76	0
6	0
18	277
21	277
411	0
4	145
1	384
0	434
0	349
48	349
332	0
3689	0
5	0
328	0
20	0
21	84
7	84
412	714
149	714
3823	0
83	0
409	0
9	72
17	72
39	373
35	373
0	21
3	18
0	21
0	21
1	0
7	50
165	50
545	0
0	749
52	735
8	518
47	0
0	55
0	55
5	55
320	0
1	283
0	285
18	274
70	285
691	0
38	0
23	1
63	0
10	0
34	2
26	2
1	1
0	83
1	96
0	102
0	71
12	0
10	0
3	0
5	0
6	0
59	0
522	0
77	0
39	0
0	314
0	386
0	409
3	326
1964	0
0	137
187	137
503	0
178	0
392	0
554	0
22	0
3	0
531	38
146	270
108	0
77	0
440	0
5	121
0	138
0	116
0	158
0	162
0	180
0	251
0	233
35	113
0	141
101	120
0	82
11	82
11	174
34	174
0	0
12	10
62	51
0	22
68	190
94	139
0	207
2	189
0	228
5	181
427	0
0	15
0	15
0	0
1002	0
6	0
37	0
21	0
6	497
112	497
38	10
0	7
25	2
5	1
4	0
10	1
0	306
4	306
0	310
0	137
0	319
0	353
0	325
0	131
0	165
214	0
712	0
17	0
0	16
0	9
1	12
0	15
0	10
0	6
778	0
0	4
13	4
52	0
0	2
0	2
0	2
9	0
1172	0
15	0
7	0
9	0
64	0
10	0
9	0
14	0
36	0
13	0
8	0
122	0
22	0
84	0
21	0
3	40
90	0
39	2
1	0
76	10
4	3
6	0
73	0
94	10
3	0
162	0
2	154
37	154
1	69
0	263
0	260
0	261
0	276
81	279
0	279
144	0
470	0
268	0
11	0
0	128
88	338
7	338
122	145
0	145
0	178
0	203
36	203
0	98
146	0
526	0
0	44
21	44
23	152
18	152
19	90
14	90
4	0
3045	0
529	0
849	0
837	1
190	0
318	0
1269	0
4	0
162	0
369	0
1	49
464	49
210	0
93	0
248	0
60	67
2	67
7	12
610	0
0	736
59	721
7	714
8	118
0	118
0	129
26	129
0	0
0	334
0	389
3	285
0	350
0	363
150	2
92	3
57	1
0	0
8	0
4	1
25	0
33	1
57	0
124	6
784	0
269	0
102	0
209	0
5	0
0	332
0	332
23	314
704	622
30	296
16	0
107	0
2	50
0	52
1	45
4	44
12	0
9	0
6	0
65	0
91	0
15	0
71	0
13	0
2	0
684	0
637	1
21	0
841	0
272	0
4	15
0	15
0	11
13	54
9	54
37	101
8	101
664	0
77	0
15	0
0	111
24	111
5	42
405	42
70	0
888	0
0	26
0	26
81	76
3	76
11	0
27	0
68	0
32	0
167	814
0	814
0	781
36	163
0	163
8	0
866	0
100	0
27	0
0	48
0	8
7	49
3	37
1	40
0	49
0	397
23	397
0	371
37	0
147	0
4	0
37	12
20	12
3	0
191	350
23	350
1231	0
25	0
1018	1042
0	1042
7	45
2	50
16	50
3	0
87	416
0	416
901	0
252	1
251	4
631	0
65	582
28	549
9	556
3	375
144	0
36	152
0	152
419	0
241	0
410	0
157	0
20	25
6	25
21	1
4	20
4	10
0	28
20	6
32	14
0	7
16	0
18	21
988	0
19	150
0	150
3	0
42	0
43	0
110	0
87	0
2	0
135	187
7	50
158	190
70	85
54	170
216	222
0	226
63	177
0	257
0	262
6	0
4	0
0	48
9	48
6	0
14	0
12	0
13	0
2164	0
0	319
118	344
0	344
104	0
437	0
109	0
127	0
119	183
0	183
0	199
44	199
138	54
1	22
0	22
52	0
22	332
0	332
511	0
12	67
0	67
20	66
40	0
2153	0
6	45
0	36
0	45
16	0
65	0
165	0
32	0
52	12
23	0
208	0
8	0
33	0
26	0
0	101
4	33
0	124
87	0
18	224
15	224
158	0
9	90
0	95
0	83
182	0
4	0
177	0
35	0
853	0
145	402
0	402
414	0
85	0
858	0
736	0
162	0
0	93
19	94
0	93
21	94
262	0
115	0
1	0
15	0
10	0
38	31
10	31
1236	0
48	0
25	262
0	262
0	256
0	55
866	0
3273	0
1086	0
345	0
91	0
2	117
14	117
106	341
7	341
13	181
0	60
0	68
27	68
1	52
2040	0
0	419
0	690
816	690
417	0
169	0
13	121
9	121
275	0
780	0
0	158
2	158
0	59
19	59
1	251
0	371
0	332
94	0
0	307
0	371
80	371
87	0
55	0
62	0
9	0
0	358
0	354
5	358
0	333
279	0
128	0
0	161
66	161
80	0
211	0
329	0
175	316
9	316
46	297
28	297
0	909
0	539
0	1511
0	1141
11	539
5	66
4	164
0	170
0	5
0	105
17	105
961	0
959	0
72	0
4	0
1	134
0	133
0	137
0	133
0	132
0	133
399	0
196	0
120	314
7	84
10	19
57	65
5	21
10	28
3	1
0	0
38	0
4	4
6	1
17	0
12	0
16	24
9	3
1	0
0	0
0	3
9	2
1	2
46	11
7	0
76	4
12	12
22	7
16	7
1	0
57	0
18	3
17	0
25	5
36	0
169	0
0	306
124	306
1170	0
0	128
0	302
0	220
0	218
43	0
1	0
260	7
0	0
30	0
7	1
1	33
530	41
52	0
103	0
36	0
40	6
5	27
1	27
19	0
22	0
18	0
0	140
0	123
0	161
2	122
17	73
0	73
1	0
0	1
0	1
0	194
33	194
0	120
0	224
393	224
0	28
2	43
0	43
0	77
0	79
260	60
0	240
0	269
3	204
0	285
10	281
266	0
6609	61
1	61
4	0
91	0
9	200
8	200
0	106
0	102
0	147
0	127
0	86
0	17
40	0
26	4
250	132
1	132
0	0
16477	1
23	1
2	226
3	194
0	194
0	232
186	0
96	9
1310	1019
0	1019
1	28
3	28
229	0
400	0
420	0
618	1
224	156
0	156
394	0
151	0
518	0
5	342
7	342
143	0
789	175
29	174
72	0
4	0
4	0
0	357
52	357
0	387
1	14
125	401
9	0
55	0
702	0
1888	0
0	18
0	196
1	196
39	0
139	0
35	35
1	12
2	35
2	28
0	32
0	28
0	31
559	0
152	0
0	12
42	12
0	285
5	285
5	0
23	24
3	0
642	0
0	347
47	347
288	0
383	0
879	0
147	0
310	0
190	0
599	0
0	219
2	219
0	141
51	0
1287	0
253	0
0	112
54	112
0	320
109	320
7	0
9	0
15	0
141	0
0	194
16	122
0	224
94	152
2	125
1	101
83	101
182	0
11	0
12	0
89	0
752	0
200	0
30	0
6	227
0	278
0	101
0	157
785	0
402	0
1054	8
0	732
0	732
0	78
7	156
0	78
6	17
24	17
0	71
7	71
0	31
0	9
21	31
177	0
31	0
96	0
174	0
26	0
24	0
12	95
6	95
0	3
0	3
0	3
0	3
12	3
0	3
3	1
56	0
5	122
0	122
157	0
513	0
0	594
166	594
0	107
261	0
0	125
0	120
14	125
0	87
0	44
39	44
1414	0
932	0
833	0
2	180
34	180
0	85
0	389
7	389
2	108
249	27
0	27
0	110
6	110
4104	1250
0	1249
0	195
0	31
61	274
0	79
0	274
0	272
0	118
104	119
0	76
1	154
0	10
0	38
91	160
0	160
0	1183
42	1183
52	1183
18	115
0	115
0	69
14	621
0	662
0	582
0	591
0	601
0	263
21	67
0	63
262	0
0	17
1	48
0	48
57	0
0	156
0	78
21	234
4	494
310	494
8	0
4	0
12	0
719	0
358	0
9	0
112	0
35	0
5	0
1	0
1	0
9	0
15	0
4	0
15	0
0	0
4	0
2	0
36	0
3	0
6	0
20	0
25	0
23	0
0	0
0	0
31	0
165	0
34	0
35	0
5	429
99	429
27	112
0	112
488	0
89	0
7	7
14	7
1359	0
271	0
0	172
0	161
0	98
0	189
0	163
232	0
0	235
13	235
2329	0
0	130
6	111
10	130
0	100
0	68
913	0
0	0
6	0
40	0
0	149
56	149
0	77
2	81
0	89
0	83
64	2
55	0
7	151
0	151
550	0
274	0
312	0
0	125
20	125
63	0
0	334
7	220
0	314
0	207
8	207
30	0
537	0
1	98
0	108
0	113
5	110
0	118
526	0
118	0
47	0
1081	0
0	80
407	655
0	655
36	269
0	269
547	0
23	0
8	0
0	521
7	129
0	95
0	627
0	294
0	318
20	318
0	320
0	281
17	185
52	0
133	0
119	0
397	0
105	0
7	214
10	211
0	214
2	7
4	0
14	0
41	0
235	0
7	0
0	245
14	108
155	353
597	0
589	0
533	0
1124	0
1	10
45	10
1	0
9	0
8	0
67	0
0	97
48	95
7	97
175	0
114	0
53	5
89	5
7	454
102	454
9	197
26	406
0	419
227	0
3	0
38	0
0	22
2	54
0	54
64	493
0	493
32	0
59	336
0	336
0	170
0	39
0	183
95	0
10	0
1343	0
92	0
34	12
148	0
12	0
160	228
0	228
18	151
1	151
73	0
4	0
116	3
1413	0
15	58
26	58
9187	0
273	0
482	0
0	622
81	622
0	567
0	611
249	0
1	174
16	0
52	0
98	0
14	46
219	46
230	0
8	0
1	1
0	1
0	1
35	0
21	0
34	33
0	33
6	0
10	0
0	21
0	21
72	0
13	0
2	0
7	4
12	4
11	26
26	26
11	0
295	4
0	4
0	347
0	327
0	351
0	338
0	331
0	331
0	334
0	109
57	109
0	6
2	6
34	0
250	0
52	0
2306	0
3	381
48	381
249	0
15	0
66	0
0	1100
0	1675
0	1767
0	1008
63	0
2159	758
11	0
270	0
1	162
0	162
0	27
0	23
0	31
0	28
0	33
0	31
0	24
0	32
10	0
0	0
7	0
13	101
10	101
0	21
0	21
10	387
12	0
222	0
261	0
171	0
440	340
3	123
0	188
24	188
4	174
0	168
0	481
639	481
0	13
0	13
0	13
50	0
37	930
4	930
2	34
0	30
0	34
170	0
6069	0
234	0
4	0
15	0
30	0
1	42
0	43
834	0
0	774
17	774
98	0
0	294
79	294
278	0
227	0
457	0
261	0
448	0
535	0
850	0
0	14
7	14
24	0
5	0
0	48
0	48
43	0
8	0
2	0
3	0
7	117
40	117
0	129
0	81
26	81
0	161
202	229
0	229
78	0
3	25
26	0
283	0
168	0
53	0
29	0
163	0
618	0
6	0
109	0
7	0
7	0
6	64
6	0
5	20
36	29
6	19
1	9
327	47
24	0
9	0
75	853
5	13
0	13
650	0
395	0
1	0
77	0
21	527
47	0
57	0
22	11
0	25
13	25
5	3
0	3
8	3
12	0
0	4
14	4
117	2
0	2
68	0
0	127
31	127
204	28
303	29
37	1
166	4
6	1
3	0
27	0
16	0
7	0
71	2
36	0
96	21
82	32
64	31
11	0
26	2
3	1
5	2
37	1
64	0
108	0
302	0
89	0
5	0
29	0
72	14
26	14
7	0
18	0
3	0
1	0
40	0
60	0
0	10
5	10
3	10
21	0
3	0
33	0
1	9
7	9
5	0
45	97
0	97
25	284
0	284
6	374
0	401
67	307
0	307
0	193
0	109
34	193
0	160
413	0
10	175
78	175
6	0
265	0
788	0
4	182
29	190
17	170
15	162
221	0
245	0
44	0
695	866
85	865
1	67
68	67
290	0
268	0
211	0
72	0
49	0
27	0
5032	0
207	0
774	0
0	157
83	157
195	100
0	64
0	101
158	0
4	207
115	207
30	0
78	7
0	136
21	424
998	560
0	96
10	136
0	145
0	109
0	81
0	87
2	170
0	170
5	0
891	0
0	47
15	71
0	71
15	0
19	0
12	0
49	0
134	0
1863	0
1	226
0	230
7	206
266	0
1243	0
309	0
49	25
0	25
4171	0
142	0
0	136
82	136
22	87
0	167
47	167
358	0
231	0
10	1
0	0
0	1
0	149
1	272
0	371
13	270
0	284
605	0
39	0
53	0
16	1784
0	1564
0	1129
0	2114
1649	0
962	0
0	223
36	223
1	0
2	0
195	0
82	107
0	66
0	41
9	0
311	0
37	0
19	103
0	103
21	103
70	0
57	251
0	251
0	232
0	178
2	231
0	231
0	212
270	0
114	0
104	0
30	0
76	0
23	0
1	45
115	45
31	0
2	7
3	7
0	2509
193	2509
4	87
30	87
0	87
6	0
31	0
0	43
2	43
11	0
100	83
0	83
9	0
196	0
5	117
0	118
11	118
114	282
0	282
81	0
755	0
208	0
3	16
0	16
0	16
34	0
39	1
8	76
9	85
3	85
55	279
24	77
6	106
0	173
186	0
181	0
143	0
186	330
0	330
194	0
0	148
1	159
52	159
4	0
0	148
49	148
12	0
5	141
61	198
0	198
0	170
83	0
92	0
16	0
0	99
25	99
55	0
12	0
15	138
0	102
35	138
25	0
357	0
87	0
0	1871
0	1335
0	1687
1621	1871
1	1368
329	0
10	0
509	292
0	292
1	0
0	0
130	0
850	0
0	946
109	946
222	220
876	6
121	6
6	0
53	0
0	109
0	99
0	127
0	126
0	29
231	0
25	167
133	167
8	5
63	7
0	109
38	109
0	102
39	33
0	14
10	33
246	100
0	100
294	0
116	0
130	0
0	7
0	7
225	0
0	14
4	14
10	0
263	0
174	0
0	81
22	64
0	79
7	18
35	0
1415	0
0	116
0	135
2	135
9	0
6	43
14	0
4	0
3	21
0	16
0	21
0	84
5	191
3	39
323	242
1	0
300	0
59	0
223	0
470	0
398	0
29	0
0	516
19	516
15	111
246	111
0	103
5	112
0	116
49	0
399	0
993	835
0	835
13	0
0	14
0	41
5	41
9	0
61	0
654	0
1010	0
52	0
61	0
0	229
74	229
109	326
0	326
0	55
4	55
11	0
130	0
7	9
25	0
22	0
16	0
43	0
30	0
2	0
13	0
1	8
0	15
0	17
0	11
0	7
6	17
5	0
82	0
0	68
0	52
0	35
0	53
0	107
0	69
5	47
11	2
4	2
38	0
6	0
1	0
28	0
84	0
0	200
0	327
66	162
1	300
2	29
29	29
22	174
0	185
2	173
3	161
14	0
56	0
182	0
6	29
0	62
3	49
167	91
21	0
152	247
0	247
616	92
0	92
158	0
504	0
1	23
21	116
112	139
14	0
0	119
3	104
17	180
185	230
31	230
2	155
53	155
7	588
66	588
53	247
111	247
885	0
4	137
431	552
247	552
1	128
0	133
12	123
4	134
0	107
1	104
2	58
18	0
23	0
0	2
0	2
2	0
1	442
0	485
0	546
45	546
194	0
13	0
10	33
0	33
869	0
35	379
0	379
11	0
106	19
218	45
118	0
0	581
44	566
4	387
52	0
33	93
102	93
276	0
108	0
26	0
307	44
241	0
9	0
131	0
32	79
7	60
10	0
16	22
28	22
5	231
12	231
0	61
4	61
368	0
88	0
16	1
91	0
120	15
4107	0
224	0
30	0
150	0
29	0
1	0
57	0
2153	0
0	1356
0	1369
0	1388
0	1392
0	1405
0	1401
0	190
28	190
0	115
183	115
3	386
12	386
200	0
82	0
733	0
215	0
26	0
28	0
13	17
0	17
13	0
114	0
6240	0
10	11
1	11
0	24
1	24
556	0
807	0
0	568
35	600
8	600
0	55
0	336
0	356
5	244
0	51
0	75
0	92
39	92
0	194
16	194
1544	0
121	0
0	296
190	296
337	0
34	361
0	361
0	360
6126	0
533	0
28	0
344	1
428	0
19	0
129	0
81	0
8	0
61	0
24	0
21	0
325	0
1	0
49	32
506	0
45	0
2	0
299	0
199	38
0	38
0	169
0	141
0	165
32	169
57	103
0	103
0	88
0	54
11	54
9	0
0	0
107	0
0	1428
0	1519
0	1370
0	1332
0	1390
0	1481
0	1469
0	1378
0	1320
67	2
143	3
23	0
38	0
236	0
93	0
34	0
1	36
36	37
14	37
97	1
131	0
0	127
1	290
0	331
112	0
9	0
5	117
0	128
0	123
0	133
0	138
13	0
178	0
0	25
1	21
2	25
216	0
89	0
10	0
1	72
0	72
0	65
3	65
0	61
33	0
43	0
93	1
32	15
19	18
15	0
0	82
0	120
2	117
930	0
6	100
17	100
0	61
169	80
4	80
0	25
53	25
234	0
330	0
166	0
12	21
0	21
153	0
630	0
387	0
605	0
3	50
45	70
0	70
148	0
26	1
446	0
1942	0
0	78
10	78
296	1
460	0
71	0
173	0
0	421
98	482
23	482
0	50
3	50
3456	0
225	0
14	258
0	258
115	0
55	0
17	0
16	32
2	32
0	115
112	518
0	516
15	518
0	90
27	90
1	83
0	587
92	587
6	259
0	266
0	339
0	212
57	162
11	50
0	100
0	104
0	46
0	316
0	417
6	222
382	0
3	48
0	49
459	45
511	0
0	1243
0	1243
0	811
33	1193
0	1335
0	1335
2	473
0	486
45	482
894	0
0	1887
1799	1887
1	523
165	523
62	0
0	90
8	90
0	89
18	0
9	88
0	88
254	0
5	1296
3	1296
515	0
43	0
419	0
190	0
149	0
36	0
0	87
28	87
0	22
0	22
211	0
34	60
175	61
0	558
0	519
35	558
209	0
128	0
723	0
117	165
0	165
1	12
901	12
25	231
0	231
0	258
30	258
0	103
14	103
533	0
1541	0
34	195
0	195
8	182
0	283
1	257
673	0
151	0
30	0
296	0
27	0
28	0
278	0
423	86
0	86
0	259
97	259
306	0
949	0
155	41
162	41
186	1
11	0
1169	0
23	0
51	0
0	314
0	331
57	331
0	323
31	281
0	176
2	105
212	0
4	0
24	0
455	0
22	0
4	0
14	0
0	206
0	402
230	348
1150	0
61	193
0	193
0	174
0	153
157	0
27	385
0	385
0	142
193	265
0	265
80	528
0	528
59	0
205	0
582	0
639	0
5	92
25	92
196	0
37	0
0	270
2	209
0	214
12	270
168	0
126	0
37	0
14	0
0	93
6	55
2	93
11	93
0	80
0	58
232	0
32	0
9	0
30	0
19	0
58	0
7	0
23	0
14	0
18	3
58	3
33	0
5	44
0	33
0	33
4	39
1	44
7	0
23	0
29	0
421	0
12	61
20	52
0	61
30	0
12	0
155	0
0	206
331	206
0	20
59	20
0	52
51	52
210	0
0	223
20	223
643	0
3949	0
289	0
3	446
15	450
1	371
269	0
41	0
28	353
23	353
0	177
4	176
0	155
26	177
0	1707
0	1783
0	2022
0	1798
0	1559
2	1522
147	59
0	57
34	3
11	0
0	213
41	225
0	225
3	0
0	75
70	75
359	0
143	0
3	0
0	389
0	388
3	392
0	393
0	397
0	394
0	392
0	431
251	1085
0	1098
0	30
0	30
10	30
2	0
7	0
8	0
16	0
12	0
78	0
21	0
82	0
56	0
3	0
807	0
45	0
136	8
699	0
31	0
23	0
165	0
0	6
28	6
0	106
66	106
1048	0
129	0
0	47
65	47
37	0
14	0
270	0
11	0
6	739
90	739
0	243
463	243
12	0
12	0
115	0
161	0
6	155
0	147
0	135
0	154
0	174
0	27
8	167
0	167
0	116
0	138
0	133
13	2
74	3
117	5
7	93
0	0
6	0
0	2
0	2
0	3
0	3
0	2
0	2
0	2
0	2
0	3
0	2
39	0
13	0
17	0
11	0
17	0
40	0
26	0
368	0
197	0
219	0
315	0
588	0
0	8
10	8
10	91
332	91
0	57
5	57
13	0
3	0
232	318
2	318
190	0
0	524
0	258
23	524
2	85
95	85
631	0
1	176
0	26
1	150
151	0
78	0
890	0
359	0
296	0
0	101
0	103
0	107
0	107
0	107
0	110
0	104
0	106
65	0
0	1550
1919	1550
50	3
30	1
58	4
0	259
0	256
0	262
0	262
102	0
0	327
0	334
0	255
0	331
0	403
0	410
0	357
0	328
0	335
10	245
0	256
196	0
73	0
0	403
75	453
0	499
57	482
0	91
5	91
7	35
75	57
61	57
819	0
345	0
0	355
96	405
0	405
0	428
190	428
140	0
213	0
31	49
0	49
305	0
96	0
1	559
0	412
225	971
625	0
438	0
373	0
34045	0
207	0
459	0
234	0
8	0
84	0
148	0
1	110
28	110
0	20
27	20
1	0
2	0
0	197
23	197
430	0
0	243
0	56
115	243
343	0
516	0
191	0
0	1174
623	1174
1533	0
1401	0
1	242
0	314
1	278
0	35
1	36
0	36
1049	0
0	133
47	133
239	0
125	793
0	793
11	109
0	115
22	120
0	177
0	95
215	0
2	270
0	323
0	251
0	364
67	364
185	656
0	656
71	263
0	263
3	156
485	0
33	307
12	307
135	0
13	0
1	0
18	0
26	0
2	0
0	7
2	7
1225	0
0	50
0	53
0	51
0	48
2	69
0	69
0	50
248	0
0	164
0	187
8	92
378	0
1012	277
4	277
0	181
2	338
0	342
0	185
0	22
41	0
0	0
346	0
81	0
162	0
0	107
93	107
22	1
103	21
77	21
46	0
193	4
54	0
148	12
0	12
269	0
373	0
4	12
1	12
54	0
91	0
609	0
442	0
108	476
0	476
363	0
14	257
54	257
0	386
94	407
5	407
12	0
178	0
305	0
368	0
0	116
1	103
13	92
562	0
160	0
15	1
0	1
30	0
5	0
125	0
694	0
2	0
4	0
25	26
9	0
2316	0
299	0
515	0
509	0
0	51
0	51
2	38
2	38
41	1
22	0
634	4839
175	0
92	0
77	0
0	29
1	27
29	29
0	14
1	11
12	14
534	0
22	0
16	0
20	0
1	0
4	249
1	249
5	0
0	0
0	114
0	114
0	5
0	5
0	4
4	0
93	0
9	64
0	64
0	52
6111	1
157	0
28	1046
45	1046
1894	0
4	131
54	131
155	0
594	0
164	0
0	88
0	149
34	149
91	0
38	1
375	0
13	60
28	60
26	0
0	469
42	369
6	460
0	438
1	488
2	479
6	146
31	146
259	0
309	0
262	0
269	595
0	581
11	571
0	321
10	429
56	429
332	0
2	754
0	731
103	754
16	740
0	71
0	84
0	72
0	106
0	89
314	0
592	0
21	0
34	0
9	0
17	284
2	244
9	284
0	319
0	278
0	29
0	36
28	36
22	0
622	0
0	286
87	286
1128	0
139	0
240	0
15	0
166	0
1	156
59	156
1	194
5	194
4	212
93	230
0	116
1	594
19	656
1	576
42	582
0	28
23	28
75	98
0	98
21	1022
389	1210
83	1210
346	0
619	0
0	398
42	398
0	10
0	7
0	16
5	10
189	0
568	0
71	0
10	0
271	0
3	0
20	0
10	0
826	266
0	266
333	1
4	0
0	0
5	0
27	0
176	0
0	0
0	0
19	0
155	0
6	391
31	391
524	0
98	893
81	893
720	0
28	582
0	550
1	606
6	551
0	621
0	601
0	601
95	0
32	186
0	186
25	680
0	402
34	680
0	488
326	0
7	80
35	183
39	191
0	191
71	0
567	0
67	250
7	250
1	0
141	0
14	0
18	0
12	0
474	0
22	0
0	78
217	78
0	1
26	1
0	33
56	33
65	921
1	921
94	0
6	8
343	8
111	0
15	41
80	41
0	28
17	28
508	0
671	0
389	0
42	0
48	169
0	169
49	347
0	347
723	0
22	0
15	0
239	0
0	0
87	0
0	91
0	91
0	93
4	93
1	519
0	535
33	410
0	390
592	0
325	0
34	0
3615	0
0	194
151	194
34	0
4975	0
388	0
295	0
8	12
0	12
1155	0
121	15
0	46
63	52
0	180
80	307
0	307
46	0
1	6
690	0
48	298
0	221
0	298
2	96
0	120
14	120
0	261
183	261
9	0
283	1
2	0
64	12
252	33
0	0
7	0
5	0
43	14
8	0
2	24
0	0
0	18
0	24
8	21
4	0
9	0
1	0
0	0
1	1
2	0
9	8
16	1
42	0
26	0
12	0
3	0
1	0
3	0
7	0
30	0
3	12
5	12
56	0
17	0
114	10
20	0
7	0
36	0
61	0
92097	46057
0	367
44	216
93	46404
0	410
16	384
0	344
0	384
5	147
0	160
22	160
10	1
37	32
61	15
2652	0
0	243
396	243
23	14
0	65
0	65
237	0
2	0
0	114
0	125
0	125
0	125
18	130
0	130
9	0
0	289
300	289
0	125
82	125
401	0
0	309
0	459
16	443
0	352
5	8
0	137
0	187
3	201
0	151
0	411
225	411
210	0
0	60
4	60
14	112
0	132
11	132
159	0
5	0
12	383
91	383
243	0
0	142
17	145
3	143
0	145
5	70
3	70
0	1
0	1
0	1
0	294
0	294
9	272
46	0
19	0
0	18
33	18
0	13
0	13
18	13
37	3
4	0
0	66
10	71
0	71
0	463
0	479
0	477
218	0
36	0
18	0
10	0
6	4
10	4
0	22
0	34
71	0
11	0
16	1
49	14
17	4
4	2
364	9
2	0
22	0
20	53
1	2
86	57
0	4
0	91
0	86
0	86
813	0
0	174
51	174
0	127
559	0
0	166
0	75
4	150
0	197
0	80
1	172
0	169
139	0
22	4
34	2
18	2
6	0
91	319
0	319
428	0
16	0
171	0
42	0
86	65
35	0
123	4
0	4
391	0
42	0
24	0
1167	0
112	0
207	0
111	83
1	83
1	0
224	53
11	0
413	0
3	46
28	46
32	0
27	499
10	45
12	0
739	0
753	0
134	0
0	35
0	61
13	61
79	157
0	157
20	0
5	70
0	68
0	70
0	377
0	276
95	431
0	377
0	90
0	576
0	578
731	563
14	578
254	706
0	889
33	831
234	0
328	0
0	41
11	25
2	41
0	40
17	3261
453	3261
52	16
13	15
97	0
30	326
0	326
151	0
135	0
0	179
0	179
3	182
0	182
14	85
557	0
1	9
104	9
28	0
284	0
0	16
1	16
55	0
2	27
115	27
35	0
0	69
7	69
0	59
1	32
0	86
82	84
150	561
0	561
0	34
0	33
11	34
0	175
0	198
2	112
0	206
0	61
50	0
3	110
0	110
113	0
7	0
0	93
221	93
32	0
22	249
4	249
0	399
0	359
0	432
0	392
0	392
219	0
12	0
34	0
0	319
17	319
0	203
0	221
6	374
5	392
0	235
6	229
0	209
33	448
111	451
464	0
19	463
184	463
329	0
660	0
357	0
39	0
0	85
142	85
105	0
80	0
186	0
26	0
9	0
0	7
5	7
11	0
19	0
427	0
746	0
6	0
131	30
0	3
3	2
0	6
33	6
103	0
113	33
34	0
12	0
54	2
61	0
8	0
6	14
18	37
5	34
0	88
44	88
1	0
1	0
16	0
0	0
5	0
228	0
0	122
34	122
0	0
2	9
0	9
3	354
0	498
0	470
0	137
358	871
0	871
0	533
36	533
77	127
40	127
23	0
958	4
110	8
65	0
56	0
7	0
15	0
2	0
25	0
14	0
30	1
0	45
86	45
1	264
1	264
62	0
12	0
11	0
356	291
10	0
229	0
474	0
2	0
2	0
1212	193
0	193
220	0
58	62
178	1
137	58
27	0
59	4
77	0
54	56
0	56
0	48
199	0
3	0
1	142
10	204
0	204
585	0
51	0
718	0
23	0
150	437
0	437
22	170
8	170
54	0
157	0
411	0
237	0
0	143
18	143
19	2
17	0
135	0
2	109
2	119
0	127
26	91
9	91
228	0
1403	0
1	5
0	404
3	320
5	421
0	443
1	419
55	173
0	173
16	595
249	595
0	574
0	588
65	588
126	0
80	0
3	0
25	1
39	190
0	190
1	3
44	223
0	223
181	0
69	585
407	0
6	0
45	0
4	0
1	0
151	1
83	4
10	20
161	124
0	341
2	748
0	787
0	699
0	704
0	537
0	698
267	8
81	5
14	0
31	8
26	0
24	0
39	20
41	18
65	0
37	1
111	0
3	20
8	9
35	0
1	0
5	1
0	0
29	0
10	0
1	54
0	96
0	88
11	49
0	3496
3	43
0	3492
0	153
80	153
0	64
0	128
3	18
0	76
0	43
0	149
25	21
0	26
39	31
4	1
3	0
0	17
1	15
0	16
0	14
1	1
0	2
3	11
25	16
61	0
0	122
0	176
10	166
0	165
3	5
31	5
446	0
8	0
13	0
55	0
4	337
10	337
5	62
0	62
11	0
132	0
754	0
95	0
72	0
8	0
0	62
6	66
0	50
327	95
782	0
122	9
0	9
429	0
0	1
11	1
2	25
0	53
1	23
0	97
1	36
0	25
12	97
16	0
0	168
8	168
64	113
0	113
0	104
40	104
258	0
15	302
0	302
0	424
167	424
354	0
718	0
980	0
0	378
810	378
0	150
0	168
3	139
186	10
0	10
0	88
15	88
0	119
8	118
23	119
296	0
34	0
8	204
0	204
485	448
0	448
3	144
16	144
4	18
1	18
0	18
22	0
1	210
4	216
3	216
0	190
0	197
34	0
55	139
8	139
13	175
36	175
1	158
0	120
45	120
279	0
0	38
675	97
0	59
4	20
0	18
0	22
4	13
103	0
0	209
1	209
617	432
0	432
672	0
5	0
36	716
5	716
46	344
5	344
0	333
1	1867
0	2181
46	2421
74	1888
3	2109
93	1725
4	2011
0	31
16	31
4104	0
104	0
174	0
525	0
0	58
104	58
0	56
80	241
44	241
18	0
1	0
26	0
33	0
9	0
17	0
5	0
5	0
7	0
9	77
6	77
24	0
1	98
0	140
0	124
48	0
0	0
21	0
402	0
11	0
59	376
0	402
0	267
166	0
0	36
55	36
25	0
730	0
16	0
17	288
13	0
0	0
0	0
5	0
6	0
14	26
387	0
98	336
6	336
528	0
7	129
0	138
0	112
1	62
3	62
0	208
15	208
16	290
0	338
1	452
1622	1
478	0
412	0
0	20
7	20
562	0
370	0
7	0
162	137
28	137
1276	1
0	0
16	0
4425	0
100	0
332	0
289	648
93	648
5	592
588	0
35	571
32	528
0	571
66	0
353	0
437	0
0	16
0	15
3	16
3	105
0	112
3	112
182	0
263	0
705	0
31	0
5	32
20	0
18	5
2	0
0	0
1	39
0	41
0	30
6	0
1920	1
251	28
0	10
1	28
7	0
12	0
0	33
0	33
154	7
0	36
0	36
7	29
2	36
0	36
21	0
0	145
29	145
43	343
0	206
11	137
808	0
93	0
3061	53
3	207
306	209
9	14
0	14
0	34
1	34
6	122
0	122
363	0
239	0
1	0
5	0
43	0
1	237
24	237
61	0
6	0
21	0
16	64
12	64
8	0
11	0
75	14
21	0
29	0
1	4
21	183
13	98
42	0
5	0
15	0
11	70
38	70
22	0
96	0
316	1444
1	0
1105	0
385	0
317	0
15	262
145	308
0	308
3448	0
1	136
373	136
359	0
263	0
25	48
0	0
43	3
165	0
14	241
16	305
0	322
28	322
30	0
1	17
0	22
0	23
0	22
2	23
0	17
410	0
0	144
0	67
0	133
0	145
1	143
7	143
0	115
533	0
386	0
88	0
62	490
1	490
319	0
0	175
0	175
7	83
0	71
0	83
0	76
0	92
0	48
0	77
10	15
60	503
2	503
3	0
118	0
597	0
1858	0
0	236
0	234
0	288
7	288
738	0
140	0
117	0
78	0
6	0
10	0
91	0
290	0
0	404
0	395
25	404
12	170
142	170
303	0
799	0
0	289
17	289
5	114
16	114
0	328
0	330
0	292
0	330
0	367
0	366
0	329
0	265
15	50
0	50
14	0
71	0
3	0
0	9
0	18
2	18
0	8
0	9
0	19
4	13
122	13
61	0
0	114
0	142
0	142
0	598
135	598
1102	0
477	61
0	61
11	255
0	255
0	114
4	114
852	0
0	185
0	209
0	230
5	216
509	0
696	0
308	0
5	0
456	0
6	0
1	19
6	57
2	109
0	121
0	92
0	87
180	87
470	0
2	7
137	7
114	0
65	0
101	0
369	0
207	0
56	0
0	496
0	304
0	513
0	299
273	0
2	0
2	13
58	13
47	23
159	33
355	0
223	0
0	362
181	362
3	14
0	14
459	0
16	484
37	484
0	296
0	277
75	333
7	333
0	306
539	0
11	1812
1016	1812
666	0
0	96
43	113
0	113
41	0
525	0
33	58
0	58
149	232
4	232
147	191
0	171
0	191
13	47
22	47
15	0
0	0
7	0
12	0
27	0
87	0
0	283
0	283
0	283
170	0
172	0
2	0
186	64
1	81
0	38
5	15
1	169
32	131
628	0
0	151
9	151
320	0
1543	0
495	0
96	0
53	0
0	62
11	62
0	126
0	220
0	243
4160	0
432	0
0	356
64	356
1156	0
77	231
0	231
381	0
17	34
0	34
0	184
8	184
388	0
201	0
3392	0
20	75
26	75
70	0
23	0
16	0
37	1
1080	0
54	0
65	0
71	0
1	250
176	250
0	246
0	76
0	87
21	87
9	32
29	0
35	0
63	0
9	0
4	111
1	0
17	1
1	0
24	0
1	1
0	0
167	58
41	27
0	1
212	128
5	2
5	0
0	3
0	0
3	186
0	82
7	0
33	0
168	0
1	20
0	10
1	7
0	54
0	54
0	54
0	52
18	2
24	0
2	0
330	0
174	0
2831	1
11	116
19	116
10	5
22	16
8	10
16	4
14	0
30	5
3	3
54	14
41	0
27	19
20	16
13	0
162	13
16	0
46	13
4	9
0	9
14	0
47	0
4	109
0	109
9	48
0	39
0	17
0	40
15	0
80	0
0	33
2	33
3	0
2	0
208	339
16	339
23	180
1	180
598	0
2266	1
20	0
0	132
0	165
29	165
201	0
6	0
2	0
0	33
4	5
6	38
841	0
85	29
9	0
5	0
11	6
19	0
9	0
32	2
1	0
7	9
5	2
29	0
0	3
13	39
0	2
1	13
41	0
32	0
21	31
150	37
46	0
3	0
32	0
12	0
7	0
5	1
78	0
81	2
0	75
20	75
0	42
51	570
2	570
0	309
1195	139
0	139
13	0
23	0
1	0
27	0
3	0
35	2
100	0
12	6
2	0
18	5
55	0
36	6
43	5
48	12
25	0
0	0
12	0
0	5
5	0
16	0
37	0
1	3
2	0
5	4
88	3
30	20
35	6
48	7
6	361
73	361
90	0
4	66
1	34
0	80
22	81
0	81
0	0
0	27
0	45
41	45
0	50
12	50
466	0
364	0
307	2809
972	2809
0	1529
0	216
0	244
3	192
0	227
0	664
18	661
16	660
0	199
0	146
0	91
2	97
287	0
455	0
239	0
261	0
116	0
462	0
268	0
20	0
20	0
14	556
4	556
244	0
84	0
340	0
400	0
26	51
21	16
10	0
10	76
0	76
16	0
573	0
339	525
1	525
0	8
0	46
0	46
146	639
4	639
1	200
10	200
23	8
3	157
18	157
25	119
0	119
47	0
40	1393
258	1393
38	0
16	0
24	0
643	0
300	0
0	400
12	400
0	209
16	209
72	1
693	0
0	0
116	0
9	20
0	20
41	2
25	0
18	26
0	26
9	0
0	42
45	42
279	0
29	49
0	39
17	10
96	0
0	47
0	53
0	53
0	44
0	47
469	0
0	353
143	353
3062	0
0	279
48	279
88	0
0	232
6	165
0	255
6	233
0	236
1	244
0	276
78	276
89	0
0	0
0	240
26	240
96	0
47	0
436	0
312	0
217	0
97	0
7	139
8	139
0	136
0	136
0	349
0	223
14	251
6	288
5	288
4	263
19	343
9	255
174	772
81	772
10	0
39	0
7	0
1	38
32	38
872	0
55	0
0	39
0	39
0	39
0	58
18	58
0	73
133	73
0	218
0	224
0	279
7	136
0	170
0	137
0	76
0	91
0	66
94	0
117	0
197	0
10	0
40	5
19	1
34	1
35	0
438	0
2	195
25	195
77	0
265	0
2056	0
579	0
456	0
182	518
0	518
243	0
3741	0
1054	0
758	0
248	0
46	0
10	1
6	0
1	29
0	29
808	0
0	525
18	354
0	530
0	156
0	547
63	547
656	0
64	0
38	278
0	248
1	278
0	182
0	120
0	122
27	121
0	131
411	0
46	0
7	331
3	331
1	357
0	357
20	0
30	0
256	0
1100	0
0	50
4	60
0	61
67	0
589	0
405	0
350	0
0	261
85	261
0	248
241	0
0	612
0	578
0	635
3	314
13	265
0	317
0	33
6	33
456	0
0	451
15	428
0	462
1	414
2891	0
61	0
11	0
12	93
0	12
26	81
26	0
14	258
17	374
68	420
0	430
1	433
9	446
0	276
35	276
2	182
49	182
0	154
163	0
998	0
1	307
0	307
189	0
339	0
3136	0
1316	1470
82	1470
689	0
180	0
34	0
0	152
48	152
1165	0
199	0
105	0
948	116
0	116
13	448
91	448
5	1
167	0
395	0
320	0
251	0
5538	0
12	209
11	195
0	91
9	14
1	196
17	212
0	206
4	212
15	0
99	0
68	36
0	36
395	0
8	758
217	758
15890	0
3	462
2	547
0	547
144	0
0	362
69	362
0	346
0	322
30	328
26	328
0	199
574	199
0	122
1574	136
0	159
1280	0
241	0
5	246
7	246
0	471
77	471
33	243
0	243
1	190
55	190
88	0
180	1
0	0
0	15
0	5
0	4
0	5
0	11
0	1
39	0
60	0
4	0
2	0
2	0
29	2
36	0
3	2
16	3
51	0
0	0
75	0
118	486
252	486
49	0
21	0
207	0
119	310
59	0
46	0
3736	0
0	284
0	326
75	380
0	380
138	0
0	387
93	387
4	120
46	120
904	0
652	0
3	340
0	140
627	451
0	125
3	130
0	86
0	79
16	14
120	21
0	49
28	54
1	96
55	96
457	0
528	0
130	628
1	628
250	0
144	0
15	0
39	0
15	0
7	0
15	0
2	0
138	8
92	8
57	0
1	0
44	0
8	8
1	8
3	0
0	0
31	0
135	0
102	0
10	0
40	0
7	0
3	0
24	0
14	0
49	0
0	0
0	0
17	0
4	0
0	0
163	0
177	0
164	0
959	0
169	0
0	102
108	102
0	23
0	23
17	1
1052	0
1052	240
0	240
2	0
0	4
3	4
152	275
0	275
404	0
0	216
0	225
0	178
1	178
0	257
214	0
14	0
4	67
0	76
0	70
0	63
0	70
0	39
4	40
80	27
0	40
0	35
111	20
0	122
5	133
0	133
0	124
503	2
63	24
0	78
2	86
0	86
0	58
279	24
38	38
16	38
333	0
664	0
637	0
3	0
166	0
105	470
0	470
22	388
0	388
192	0
0	85
0	91
0	94
0	90
175	187
3	187
0	2664
3353	2664
1413	0
11	69
0	69
28	0
136	511
0	474
0	522
0	1741
0	1809
0	1722
0	1704
0	1745
0	1745
0	1727
0	1768
27	1693
0	1681
0	1768
0	1700
66	0
142	0
0	76
0	83
8	83
0	145
32	145
0	77
307	0
587	0
222	0
10	45
166	45
0	1725
61	1727
0	1727
43	130
0	130
112	481
5	481
0	372
48	372
1	546
200	365
0	235
0	142
97	142
63	0
411	0
338	0
3	406
32	406
0	89
3	89
0	86
10	52
0	38
23	0
296	0
6	0
1	63
0	107
0	112
0	39
25	39
0	374
20	374
0	62
27	62
0	2733
6206	2733
3	110
2	110
2	8
0	195
26	195
0	189
97	0
455	0
2086	0
1	215
185	215
0	214
121	0
1287	0
122	0
7	908
0	914
9	906
19	0
136	0
1	23
23	23
687	0
0	765
239	765
43	0
0	197
0	225
0	213
0	24
1	24
3	6
0	6
37	0
64	0
346	0
123	0
76	0
6	0
7	0
47	0
211	0
397	0
148	0
804	0
8	6
241	42
27	0
351	463
0	463
90	0
0	0
6	0
0	1
293	541
4	8
11	0
16	90
609	0
44	135
8	0
6	0
292	0
124	0
0	296
102	296
0	278
136	0
7	0
4	0
2299	8598
7	0
0	1577
0	1727
0	1617
0	1923
0	2033
0	1687
26	1621
21	0
0	8
31	8
188	17
180	17
0	9
1	9
51	0
0	10
1	10
3	6
0	6
8	0
96	0
93	0
10	0
5	0
0	1666
0	1701
633	1701
33	0
0	282
32	282
0	226
0	168
39	171
0	153
0	134
0	221
0	205
159	224
0	212
0	186
329	0
51	0
159	0
179	0
49	0
0	14
0	82
21	82
3	230
109	230
2	7
0	10
3	10
5	6
618	1
43	155
14	155
197	0
0	1211
851	1211
0	353
71	353
1527	0
0	98
45	98
0	256
53	256
364	0
0	38
0	38
3739	0
449	0
174	331
0	331
25	0
115	346
0	346
17	141
0	141
146	42
12	43
68	47
0	43
0	37
5	11
3	12
16	24
28	9
4	9
0	0
0	9
1	9
0	10
3	10
1090	0
0	264
132	264
334	0
233	0
310	935
0	1088
0	566
0	211
7	269
40	9
1	0
55	12
43	12
57	15
0	0
11	0
23	0
18	2
19	4
28	3
240	0
0	61
0	0
15	2
0	0
2	0
19	0
1	1
17	0
459	0
13	0
11	0
5	0
88	1
44	0
67	0
4	0
11	11
12	0
69	11
43	250
67	2
6	4
99	2
461	1
5	0
189	214
0	35
0	44
1	61
0	73
0	529
171	570
41	570
1888	0
168	0
404	0
867	1
4	1102
307	1102
375	0
3	0
144	0
78	187
8	187
292	0
1	414
65	414
817	0
42	0
0	0
200	0
1003	0
253	1797
48	3
466	0
0	6
62	6
15	115
0	115
0	37
426	0
0	40
51	0
12	1
364	0
10310	0
343	0
10	1034
761	1034
0	185
23	185
0	146
54	155
0	155
5	0
19	0
40	0
396	0
0	567
1	617
0	623
1	640
7	634
24	66
65	0
34	0
14	0
17	1
0	1
2	0
111	0
102	0
866	0
60	11
6	11
21	0
39	0
103	0
496	28
374	0
35	0
0	12
0	20
0	20
0	16
14	25
0	25
49	0
0	15
0	741
6	416
0	871
18	30
9	4
0	0
14	0
18	0
1	0
97	0
13	0
12	0
12	0
18	0
2	0
11	0
43	0
0	335
0	185
26	115
8	0
1	0
20	0
37	0
53	109
26	109
13	0
39	0
255	0
23	0
35	110
0	110
28	14
167	0
128	32
31	0
14	0
715	0
59	1
25	0
143	0
1	6
1	6
16	0
0	257
20	257
5	306
157	306
81	0
136	0
6	130
0	176
0	118
180	0
0	89
117	89
0	143
15	208
3	199
1450	1276
0	1276
876	0
7	21
51	21
295	0
31	2
19	0
47	0
145	11
57	79
0	8
0	60
0	68
19	50
168	0
6	240
45	311
7	311
1102	0
6	62
0	63
2	72
2	59
1	169
20	169
6	0
51	12
0	4
31	36
55	5
7	4
8	6
0	0
37	23
21	4
18	0
60	0
1	0
8	19
5	0
11	0
87	0
140	0
277	0
1	113
0	112
27	130
0	130
401	0
570	0
119	0
186	148
0	148
834	0
82	1
0	53
12	56
0	56
0	189
52	189
373	0
180	493
5	493
359	1
263	0
0	488
36	488
0	103
3	100
35	50
0	44
8	153
0	153
23	0
43	1
21	0
12	24
0	24
0	202
60	202
4	5
63	5
60	1
4	27
17	0
1877	0
403	0
0	619
0	665
1	641
0	584
11	819
37	868
0	842
0	858
15	868
314	0
4	1028
1	236
0	868
0	1234
0	1022
4	0
0	18
12	0
191	0
545	0
10	199
18	199
316	0
4	0
0	0
0	47
0	38
0	16
6	47
2	0
223	42
15	0
142	0
1	254
4	254
3	64
0	25
0	86
60	0
0	89
10	89
0	252
0	259
0	308
0	255
0	239
406	0
18	64
3	44
11	53
0	210
0	208
0	222
0	212
0	242
0	230
17	89
62	0
29	0
43	30
0	30
29	0
113	0
123	0
15	0
182	0
12	149
14	0
122	0
753	8
5	6
6	3
21	0
7	0
18	0
41	0
34	0
1	816
0	333
68	21
14	0
4	0
4	0
5	0
112	0
43	10
12	10
11	0
51	0
103	0
9	0
403	2
1	8
10	35
12	15
133	0
22	16
3	16
4	0
186	33
1	0
2	26
62	26
31	52
45	26
46	31
92	15
47	12
201	0
240	0
11	0
116	0
34	0
12	0
4	569
49	569
0	93
65	254
24	165
0	99
38	8
2	8
91	957
0	950
0	957
1	941
1	0
851	0
174	0
320	167
0	167
336	0
0	8
13	8
9	0
78	0
0	52
151	52
95	321
0	321
92	0
7	1
9	0
49	0
30	14
2	14
0	88
2	95
0	95
303	63
1	63
141	0
0	106
0	75
14	86
47	86
0	85
3	0
8	0
2	0
714	0
0	454
16	454
37	0
2320	0
0	215
23	0
146	0
0	144
10	144
56	0
0	5
0	5
19	0
74	0
40	0
5	7
0	7
0	7
0	7
0	1
125	1
3	1
19	0
0	165
17	165
1	59
0	99
0	89
0	119
0	109
744	1
21	0
0	456
31	456
0	330
84	0
12	0
20	7
55	12
37	12
1	0
3	0
13	15
32	1
13	5
18	0
11	0
5	3
1	0
10	0
41	98
2	98
0	98
90	0
37	0
3	0
0	17
7	101
4	36
248	0
12	56
0	56
116	0
32	0
22	0
31	0
8	489
0	489
359	0
478	0
0	122
85	180
0	180
0	236
88	236
229	0
487	0
314	0
59	496
0	577
0	496
16	124
0	3
6	3
416	0
0	333
0	271
28	158
0	135
0	164
3	64
27	156
607	0
166	49
0	49
1184	0
0	115
98	115
9	0
574	1
0	15
348	15
303	0
252	0
189	0
36	0
902	0
1	400
0	149
0	400
1	0
41	0
6	1
1	165
0	188
46	188
0	162
637	0
0	63
0	67
0	63
0	49
13	347
6	347
381	100
1	100
189	0
29	0
112	0
0	386
26	58
217	0
83	0
0	27
1	28
1	28
0	239
29	239
253	0
124	0
1590	0
135	0
40	3
21	3
9	0
9	0
2	3
2	3
423	0
228	0
655	0
320	0
6	0
17	6
24	7
40	6
16	1
9	7
15	0
37	0
0	12
48	12
0	155
178	155
41	0
79	6
14	3
1	11
15	5
11	15
10	4
3	0
79	0
19	0
8	3
4	3
1	0
6	0
2	0
53	0
73	0
181	0
2	230
0	230
99	0
9	446
13	446
25	14
305	0
92	0
60	0
236	0
229	0
38	13
21	29
0	29
5	19
5	0
8	0
24	6
51	0
7	0
543	0
10	210
87	210
296	0
615	0
372	14
622	0
0	100
141	226
1	167
0	226
280	0
0	0
36	0
41	0
16	0
0	368
7	80
0	384
19	476
0	396
411	0
96	0
20	56
1	56
9	200
0	200
19	0
0	307
0	309
49	309
223	0
263	0
217	0
12	146
6	64
48	146
21	329
0	329
671	0
0	1406
160	1406
171	33
0	33
264	0
17	0
9	0
857	0
57	0
0	0
240	1
1	0
303	0
0	0
334	14
410	0
22	2
14	8
82	10
34	0
7	1
97	0
44	0
121	1
3	399
0	355
0	478
0	427
9	468
7	468
12	468
99	0
178	55
2356	0
561	11
5714	0
260	0
3	316
50	147
0	169
0	169
138	0
25	112
17	116
0	116
1	222
0	220
0	222
0	220
0	432
187	432
8	0
176	0
204	699
4	699
113	1961
8	1961
2	235
15	251
0	251
766	0
0	145
90	145
124	0
222	0
3	0
373	0
0	263
106	263
628	0
63	0
80	0
834	0
2	331
124	331
7	32
0	32
214	122
0	117
314	0
19	0
7	0
170	9
168	32
340	115
30	0
11	0
6	2
36	3
63	2
14	3
24	1
5	7
20	0
150	19
0	28
0	26
4	15
0	789
162	765
0	617
3816	0
1358	0
45	137
20	62
92	62
30	137
3	5
5	11
1	10
0	84
0	89
1	89
218	0
0	131
0	130
0	158
96	156
648	0
791	0
358	1
3	2
738	0
131	0
5	1218
0	1116
1	1173
7	453
0	1168
2	55
1	1114
0	103
1	103
0	103
26	45
3	45
30	0
831	0
120	0
594	0
9	0
0	0
4	20
1	21
8	23
506	0
365	0
21	360
0	360
123	1447
14	0
3	1
237	0
618	0
182	0
0	69
16	69
5	302
6	321
0	322
72	0
392	0
22	159
28	159
179	0
89	0
137	0
0	284
36	284
0	900
0	875
36	900
0	53
0	49
29	53
5	53
1267	0
0	29
0	35
0	52
0	46
427	0
6	301
314	301
138	0
0	407
179	407
536	0
538	0
19	495
0	191
0	589
21	661
0	661
0	627
0	96
17	96
198	0
399	0
0	925
0	1003
0	748
272	0
72	255
0	255
14	0
54	524
82	524
38	63
0	63
7	169
91	169
2	239
0	282
0	249
671	0
1	521
18	504
6	565
97	0
34	529
38	529
1	177
133	177
0	19
37	0
2023	51
1	51
10	0
201	0
0	0
5	0
362	0
28	89
0	89
9943	0
257	0
271	0
275	0
84	128
1	128
3	77
169	0
1	386
1	472
0	484
0	396
0	83
427	0
19596	0
738	25
104	81
175	73
89	25
273	73
5	40
0	101
14	101
673	0
9	631
94	631
0	164
0	336
28	302
306	0
0	151
72	151
0	73
0	259
25	371
69	298
522	0
0	456
0	571
45	618
0	1000
19	618
0	455
0	311
809	0
706	0
331	746
0	746
0	207
62	207
211	0
86	0
67	0
2673	0
171	0
0	48
147	48
5	1
40	0
198	0
0	555
32	555
25	333
0	93
34	93
0	8
6	8
31	3
32	3
0	13
0	16
0	17
0	16
0	170
198	170
7522	0
3448	1
17	601
0	581
22	517
0	625
7	4
128	0
274	0
219	0
290	0
2	517
18	517
77	0
0	51
18	51
6	0
28	36
0	36
504	0
0	0
2	0
0	0
5	23
4	23
34	6
4	6
8	0
0	316
53	316
319	0
573	0
311	0
7	226
42	261
0	282
0	280
0	11
15	11
0	73
42	73
21	719
158	670
17	719
0	168
56	168
3593	0
0	472
4	525
171	563
0	563
42	819
64	819
3	337
63	350
0	350
33	458
6	399
0	458
4	0
12	0
0	486
5	486
270	16
2	16
0	319
13	319
0	52
42	68
0	68
0	67
12	0
1745	0
12	0
118	0
342	0
74	36
2	36
0	182
14	182
191	0
1	0
1	21
1	104
2	104
0	104
0	194
0	192
0	201
1	203
1	13
558	0
1117	0
48	113
3	113
94	0
31	103
60	103
0	70
463	70
50	0
10	14
915	0
63	0
2	0
4	0
54	0
0	837
179	837
42	15
0	15
3	145
57	145
5	76
187	76
0	41
0	47
1	63
514	0
1033	0
0	13
1	14
5	14
0	250
14	219
0	241
43	266
0	266
74	0
151	0
4	103
0	103
199	24
299	0
54	0
9	0
0	386
73	393
12	393
0	389
7	6
105	0
15	1
17	136
92	12
105	2
89	0
67	0
85	0
8832	0
69	0
6	650
13	650
26	0
23	1
0	18
0	11
0	13
0	5
514	0
255	0
8	138
100	138
6	273
43	273
0	101
68	101
56	238
45	238
0	40
2	44
0	44
0	33
136	0
3962	0
1455	0
164	0
383	0
0	160
25	160
4	50
0	34
0	9
0	7
0	6
1	9
0	6
607	1
6	269
24	148
0	417
4	61
2	61
1	22
662	0
0	140
523	140
1860	0
391	0
52	219
63	219
36	80
14	0
3	0
4	0
50	46
4	20
5	11
10	67
217	67
18	0
26	0
16	0
304	0
32	0
29	0
24	0
25	0
83	68
0	68
166	431
1	104
6	431
2	19
0	19
1	5
20	145
113	0
69	0
23	0
0	59
0	39
7	4
0	60
1445	0
375	0
0	124
44	124
19	0
84	0
1672	0
0	3
4	3
59	36
0	36
0	177
147	275
0	275
895	0
186	0
87	1
198	0
0	141
0	141
8	141
127	0
98	0
18	0
177	0
121	0
3	522
0	517
0	522
321	0
3382	595
326	1605
1	6543
19	1
5	0
12	0
2094	0
445	0
6	15
0	15
1	82
7	85
3	3
4	49
0	49
1	49
7	8
0	156
34	157
0	157
644	0
398	373
0	373
355	0
38	0
130	115
0	73
0	115
60	19
67	19
0	107
0	162
3	193
18	193
187	268
1683	805
150	0
2	0
2	0
0	0
2	0
0	0
1	0
0	303
27	303
0	103
86	0
74	253
133	253
0	1
9	1
606	0
102	196
0	196
0	196
9	196
759	0
55	361
875	361
5	29
2	54
5	6
1	43
2	50
0	71
435	0
0	230
0	190
0	284
60	284
0	139
0	152
1	57
2	528
228	528
1883	0
175	431
3	431
845	0
321	0
26	0
10	232
0	241
4	555
0	567
24	567
0	190
16	190
7	0
14	0
21	0
341	0
26	0
18	0
0	1031
457	1582
0	1582
199	1470
21	69
0	69
22	0
7	390
70	390
35	0
0	343
579	343
12	0
4358	0
0	6
62	6
168	0
338	0
215	0
129	0
647	202
1	202
498	0
399	0
1	0
2	0
252	0
19	143
0	139
0	144
0	137
0	142
12	124
5	0
2	0
4	0
146	109
0	109
2847	0
462	0
0	85
1	90
0	90
0	75
97	64
2	64
134	0
202	0
12	0
0	414
0	407
0	414
0	407
9	0
52	0
32	0
0	184
0	181
22	184
0	89
56	89
10	162
0	162
5	187
13	187
193	0
98	160
0	160
723	0
4115	0
63	0
136	0
17	0
10	0
97	0
0	630
0	1139
78	1143
0	1069
2	0
125	4
29	610
7	610
374	0
16	0
0	518
529	518
206	0
124	0
81	521
0	521
433	0
153	0
12	151
5	151
2	150
26	150
104	0
0	2
0	76
0	101
0	100
42	103
0	444
0	451
0	451
0	444
0	208
202	0
268	0
1117	0
30	0
0	399
0	322
0	327
209	0
2089	228
0	228
288	0
0	144
31	144
329	0
0	90
228	90
599	0
4	26
0	26
9	982
70	0
32	285
0	284
0	285
47	0
299	0
14	459
0	459
0	397
0	30
121	0
0	0
6	0
262	1
1	0
201	0
11	0
0	256
48	256
0	219
217	0
121	0
3	41
19	41
6553	0
0	152
1	154
0	147
0	154
1158	0
397	0
0	90
87	90
108	0
72	0
233	0
0	1786
468	1786
0	1398
153	133
1	133
0	46
16	17
20	17
0	88
8	381
25	330
0	245
11	233
909	0
995	0
918	0
268	86
0	86
1416	0
2	129
8	129
17	64
2	64
12	0
0	100
23	100
0	80
13	80
13	0
9	0
19	793
3589	0
355	0
1	694
51	694
43	0
0	350
25	350
906	0
170	374
0	374
9	0
170	0
0	0
108	0
5	0
144	0
341	239
0	239
1694	0
1092	0
5288	0
229	0
1	166
3	174
75	174
22	0
18	0
0	54
0	54
0	54
0	452
0	357
249	452
414	0
403	73
0	73
36	0
0	15
0	17
0	17
203	0
4	249
0	243
0	273
310	0
260	534
0	534
5	0
0	15
0	15
0	47
0	872
22	825
0	57
0	81
0	84
0	60
71	0
15	0
13	1
24	1
31	1
4	0
55	0
10	153
0	153
119	330
0	330
52	0
248	0
65	46
14	0
1	117
246	145
0	115
6	0
4	0
32	38
10	486
0	486
0	276
809	0
0	4272
1580	4272
330	0
6571	0
1928	0
32	1563
22	1563
0	688
0	677
0	642
0	653
3	654
48	0
34	0
576	45
70	0
394	0
289	0
137	0
169	0
5	9
0	9
0	17
13	17
1	167
3	167
0	119
1387	0
0	10
11	10
1783	0
398	0
5	0
16	0
18639	0
146	37
6	37
78	0
0	0
1666	0
29	0
26	0
26	0
110	0
49	0
3	0
26	0
50	0
12	0
13	0
60	0
65	0
6	48
142	48
0	13
0	13
329	0
129	0
206	0
73	0
516	0
0	299
48	368
0	376
0	74
0	58
18	78
1	59
0	79
0	29
25	62
32	62
8	0
908	0
794	0
89	0
3	27
61	27
23	0
12	0
54	0
27	0
27	0
0	23
8	0
10	0
19	13
15	0
29	2
16	0
14	2
38	5
34	2
12	0
11	5
24	0
40	4
31	0
67	2
96	0
1	1
30	62
60	48
0	1
23	33
65	0
32	0
335	6
117	0
14	80
0	80
7	0
556	0
0	0
37	54
0	54
11	0
9	0
42	3
18	0
10	0
38	0
139	0
156	0
12	7
31	7
52	0
9	9
703	0
147	2
108	2
162	1
17	0
21	33
7	0
22	129
0	129
960	0
12	0
40	0
215	0
4	38
0	63
1	63
33	0
3	44
4	44
136	0
0	321
52	321
66	233
0	233
0	306
56	306
20	0
18	0
949	0
48	57
10	57
35	0
0	205
95	205
120	4
99	4
646	0
0	0
31	0
18	131
15	131
41	227
0	227
25	305
45	305
272	0
412	0
0	67
0	67
775	0
0	161
48	161
2	161
0	360
0	528
0	553
43	397
0	473
22	623
0	121
0	569
13	633
11	229
13	229
10	73
0	73
22	0
9	0
2	0
51	0
11	40
21	40
983	0
14	0
16	204
146	204
350	0
152	0
0	55
24	105
0	105
540	0
296	0
113	0
734	0
1177	0
682	1
0	218
51	218
614	0
0	180
5	180
84	0
2	1859
271	1859
0	385
0	476
0	380
0	481
132	0
66	0
5	572
85	572
317	0
15	871
100	1694
180	1694
0	420
0	419
0	423
0	422
0	8
0	15
0	16
0	16
611	0
256	1
439	0
2	41
0	41
31	41
137	0
5	53
0	53
0	108
0	104
394	86
21	0
35	0
410	0
0	228
2	210
0	230
0	185
0	183
138	0
41	0
1	15
6	15
1	0
186	0
2	537
33	537
59	0
482	0
0	263
319	263
77	0
0	1
0	41
7	41
0	47
0	47
1	47
0	46
0	204
0	236
0	119
1	27
20	27
2	0
57	0
7	388
10	388
7616	0
17	0
723	0
1	14
0	16
1	16
34	0
168	0
181	0
0	618
830	618
305	0
0	0
0	0
359	0
31	0
173	0
5	0
5	20
0	20
0	30
3	33
6	33
36	0
559	0
3	145
61	145
121	0
0	77
23	102
0	91
0	102
6	485
0	516
6	513
442	0
9	275
52	275
9	32
48	32
132	129
0	129
1542	0
17	128
0	128
0	248
30	248
2	0
18	0
819	0
83	0
0	158
0	214
0	233
0	233
0	234
0	213
0	214
0	232
30	165
7	0
9	0
21	0
1	0
4	0
9	0
149	902
8	0
0	2
1	3
0	3
0	40
14	40
13	0
0	106
0	91
1	95
1324	0
0	174
283	174
52	0
23	0
6	132
16	132
44	0
7	69
53	132
0	132
4	106
1699	0
44	0
8	203
2	208
28	91
3	0
2	0
263	0
0	318
120	318
68	0
30	0
63	0
0	19
0	19
0	19
0	19
4	19
2	2
200	0
0	500
107	500
0	100
0	109
51	0
8	19
3	19
379	0
20	0
2	310
0	329
0	230
19	0
54	0
117	0
128	262
0	63
10	8
1	0
121	0
44	0
143	0
6	13
48	34
18	19
35	18
26	0
4	0
1	0
0	0
9	37
11	0
50	0
1567	0
59	9
5	0
3	0
96	0
129	0
109	0
77	60
1	0
6	0
14	0
6	1
303	25
12	0
10	0
15	1
17	1
19	0
13	0
7	0
156	0
20	0
24	0
16	2
990	1593
15	0
0	0
0	0
20	0
4	0
20	0
137	6
466	0
455	0
27	0
21	0
6	0
36	1
4	2
18	0
4	1
3483	0
4	415
0	415
5395	0
1880	0
107	0
33	0
7	14
0	14
0	100
6	100
1127	0
0	876
0	522
20	317
0	978
0	807
69	11
344	0
0	1
1	0
151	0
17	29
3	18
1	0
6	3
26	0
3	1
527	0
139	0
47	0
11	0
8	1
26	0
28	0
27	9
28	0
115	0
23	0
313	0
2	3
470	12
22	0
31	0
21	0
75	22
131	66
20	4
683	2
17	0
84	0
5	54
39	30
5	146
0	1
3	0
13	10
0	9
3	0
0	1
0	0
11	84
43	21
65	59
15	73
8	0
24	0
133	0
11	10
14	10
3	6
86	0
